,0,1,2,3,4,5,6,7,8,9,10,11,12,13,14,15,16,17,18,19,20,21,22,23
1096,228.7711046427367,181.09765971569493,177.30772655035372,138.95696153330732,136.1066692785135,160.45329692625518,163.95245521403191,109.47462293870137,130.41986065689582,166.33704003547575,170.36801595574607,196.17895510135045,233.5414989681277,251.4155906391973,272.12519460000226,268.91533553129045,270.0773363400824,293.52978810809924,278.1298629310912,240.9961132275637,262.2358376417079,246.02586308700938,253.88721466399687,221.79965132658688
1097,-151.44757856287617,-197.12364960269161,-111.37952876546234,56.89347242451896,57.215764173702325,90.48661133834685,217.10932739178116,286.6270298399378,309.02309975087076,276.2370678388729,292.14894959186086,281.3158837262146,261.5638941046882,283.8988657468504,286.53553853096645,316.71344083533677,336.4590642964147,367.3564449344244,355.39918145995006,343.7757932049508,338.4238553633426,316.5749746095704,315.7704618727172,289.2091577672289
1098,354.97644520602046,333.8062682043044,325.8046167651259,317.6031386433703,321.208074875346,345.1424302003488,382.48750307776254,423.52104058453415,437.34336546530574,440.9010158079481,429.9227170225655,459.64291766806343,463.5328440505883,454.72345116866524,459.60212395943665,479.57011445875867,513.9371872852955,600.5097711028749,584.9364620484048,533.1158771711121,467.43791509922875,425.22404595831347,390.4807853121909,375.1348713423679
1099,360.1004657498921,348.23031144010355,340.6387230041506,329.604718687901,330.92143292679106,351.4395696649034,386.3814975895856,424.15300783946594,451.8133305845036,443.0652380202122,437.4399436786078,436.7320727710148,427.413182639604,422.73593840475803,418.56909198088147,417.0578285354294,429.8895542141621,446.55685532937247,401.8659283544226,356.5498947954896,333.98470708659465,332.36683305617817,335.156184831806,317.8318012593855
1100,258.4146257287804,232.35249961251708,235.4717108533527,230.31912735135148,253.883529232875,277.8151724019499,294.04210261977073,294.21168572516814,309.77913014637096,340.68958782680335,364.2455672216684,374.79021592094176,374.6673668074504,367.6196156016333,381.8686109390136,402.4822688856777,424.3187447976414,462.1611085904529,474.1435514304541,466.0765918080726,442.98684489986465,410.8746147102276,392.3999797481393,355.7145677355795
1101,368.13220726388084,352.3333949422779,344.6676324913327,343.4076412076265,342.1802190419113,340.6663425808198,363.2066592668822,396.967995097738,437.1846211974801,444.01368770508907,435.93651554238727,450.6706518145793,444.54527710784237,431.8585679450273,433.59914053239095,435.9431973848818,448.4260138565361,475.07092404675404,501.57656315189115,483.59228775824454,448.5621276722982,426.37479194553356,414.26088547929214,385.6229493076914
1102,363.6937454169608,358.33926424004073,357.4759733833191,351.3696863288409,355.51412085359743,391.92233253537154,458.4562531379301,553.7885965960484,542.9745515899463,511.393190342264,492.5062799886857,470.51185489910347,463.40088814375616,452.8364527388576,443.4501532197655,443.48640273430954,452.8747143526799,449.43169718654235,398.9812775254205,359.46673036321624,318.8760375330064,315.17421507632196,311.89218086466195,268.22342251228554
1103,147.1943747851419,87.77462924940457,46.02362854501081,9.06370968496617,48.316967425486666,192.70727748952683,318.5054756322616,384.07674922522335,404.25679810669163,401.6431375774133,366.0638044791974,353.1322639821972,349.796874533413,359.3493006268726,362.0427312043516,355.646736876085,361.5668371024234,405.22166734182866,373.1294088174823,336.9652078874483,309.1136869252487,282.36812689884357,221.7316976430428,108.65618221052415
1104,152.94384142926523,134.07517875421985,146.98075606179935,195.46273339767328,196.38888667498955,203.36465709532703,268.5203027733939,333.0517454581792,356.33674738566566,353.52297177294463,345.7044224213416,355.67786038451004,357.06403107877287,359.16468851742775,365.7133964330248,370.5904058438872,375.5607047274529,394.20528313301406,370.3705499752963,332.9444918363587,336.1989775511383,327.44031498384106,297.058985784072,293.163512542203
1105,352.8577148742623,341.01682466948216,345.11692627528754,344.7675748855204,348.87391776408134,367.17871981001304,434.58604510828656,500.5759845379023,529.1788579470556,518.0708993431999,503.31226343768105,528.248742819161,521.3252723252606,509.0732103721366,501.2510101378883,521.7768986861333,544.5418660215088,585.9677866627685,552.8337069534556,506.70517897663564,459.72159239734094,423.92988523936697,383.3875758539989,353.6027179823839
1106,361.1535715729605,347.7676750585448,345.1700489877633,343.99734084740555,346.7163904300751,359.6712253988607,401.36936561247563,461.701700847759,478.20410296508993,462.2228857644219,438.65151679592157,424.78484671964515,407.6225472335515,397.60498889985587,384.21291312471106,384.29395914406666,404.9357420630037,443.08898338882506,432.1910226416717,414.61342487232565,395.8025512100166,382.60050479085686,362.5327074996537,333.61783943306267
1107,333.9347627915266,322.50449038582326,320.780002117627,320.7912305341214,317.96137836491573,321.03415838933955,315.1021100939148,348.3247554821319,345.20227457207926,367.1167374914663,360.52085758504506,359.40357544487546,359.8496720843308,343.69417606554487,329.72876874947076,321.40288036686445,335.7861006198636,322.13324397172585,283.9615090638823,270.32641051638143,288.0541994747085,302.3496787058816,309.65231198187973,271.3474239934486
1108,337.5732689811378,320.8985343846245,317.81914566830585,312.56136425529456,311.9051231687701,310.9677117451422,281.3610828174568,256.1126299295067,255.34797171829013,290.5150742715717,303.05746258100623,308.7395324753386,314.7362655311844,303.4889404847097,285.0395008534024,267.7707838498335,277.6084895273333,273.65022012014254,213.00090139394302,160.72031314178713,224.53916292559566,245.6782758211041,270.56380676345736,248.98765578162522
1109,-64.1520200512416,-118.94240300051445,-179.56814734011687,-110.99022517148319,-22.532026222475565,152.75010541675852,312.8986581250753,395.98917128498687,411.9863465682445,389.06483508069863,360.54243218352946,333.9904379460576,341.0100463803421,343.31835985729055,357.74368535002446,360.7010879921995,374.6226328615001,404.6755464956726,393.85361414709104,388.6826346301893,346.30308699388144,319.2083648591284,232.5848443767424,177.99528249278418
1110,265.5873598757704,247.42250257413212,243.33038466298518,262.13054042038846,264.48351433168966,282.23356387882063,362.160386512866,408.9165105461541,431.7272893044521,439.0448475380918,439.3742197751956,456.8592693863667,451.41561824435655,421.43757490645544,395.5131798548655,386.93826130889437,373.4669854914256,396.5778392674421,367.82758529309234,344.61913018325004,340.7650165127218,329.4918847125092,284.49480030218115,246.01943954459207
1111,345.4687887050853,335.4857490855514,331.8441319838492,323.0605621883005,320.4646451414943,330.0733151288482,354.72844363537376,384.0788526186991,405.56344464355954,415.9191175058739,409.1042559762403,412.2517865490861,400.4770344551335,391.9872513685609,383.8213366086225,388.1206660327858,393.8478625419026,389.3785580805213,337.6499855530151,301.13352313928317,305.3372725496496,294.3761589052448,281.6932203627025,262.8357668573037
1112,303.1365593382068,291.2266510178024,295.73548808875887,292.0153620014325,299.83356514955256,318.85996943041135,350.59296310158106,397.07994004345704,407.1865436249002,402.6730840168338,401.13522858880197,404.8620147082843,413.7064448044654,421.37387122168764,424.28257326487136,432.8681692838897,450.3242213628265,470.71305028605923,451.23240027209755,417.22091758747086,400.78523609437093,374.32799215000165,346.4644442689033,320.0414883740098
1113,346.37594144688006,336.914881182242,332.70255724205595,343.6370600333159,352.67398655377445,374.8412780389465,465.802733902077,532.0284115316487,540.8622345300952,516.9556923509961,489.9721843058455,475.4656429502244,456.51031219451806,452.36305524620917,441.91142334496305,434.60705462985965,463.24703637212775,498.71712477686526,481.6057184146553,459.8764985513603,422.22854278034015,411.2664461143787,402.17161196770775,379.68104137417936
1114,388.5660773493847,377.5144587777742,376.76833557744067,374.16715649267803,371.68498196720793,371.1937743820918,384.4930773424028,435.11555904742085,456.7265818681812,478.59625892647216,472.15821491442244,469.33956126501243,461.00622892023983,441.3616952208134,434.2425461260798,441.0330745780175,455.274332571294,491.2068440568206,489.00297798650934,445.6896821382364,419.48133667123307,410.5172523102599,406.61396957258603,382.56922757809366
1115,380.5588467069455,370.26703123705704,370.50195639197483,371.75447926241,367.86018848339484,368.7218872178055,385.26969331754503,422.66157005640986,429.06546971829835,451.69168561348425,456.16205774472894,463.7440501829313,452.8806445645431,436.05811187831483,432.39845994570396,433.58412003412906,448.85856133839314,480.65478639727974,491.5527647089003,456.34409309892874,433.8210897273192,421.40090195253146,401.0707969139424,367.25829844856366
1116,395.22465430628847,387.68742732090226,377.8469552427951,372.89029186281505,367.78156136411667,381.1237888896593,429.5489760115165,478.8025704734034,460.7726383892067,453.7439092663965,460.7845438478516,450.22351404522084,447.6831273526486,438.6081159173955,438.8387026767236,433.9172771446657,458.6430432718483,489.0110602318147,486.1361322437269,479.3335006741071,457.48449833080275,446.399197941618,419.6850116081142,383.2069524590461
1117,407.04066407051124,397.4372438520153,394.5814120768401,398.9059699687634,406.84121448066475,429.2394109041261,512.8079157264453,599.8234229753103,601.6836875807207,585.6309607255877,566.6723113874789,546.522848811953,516.8739720939976,503.7926814447487,486.69867880138787,481.6545605297267,475.55933767726134,496.36158237336554,460.1380138024948,415.0332889435706,390.42270753550883,371.0453687300048,362.9973064962939,323.7639315696896
1118,373.0883694069599,361.5531035177738,357.5004859866716,355.7584692351349,363.0020990859255,377.11022188533616,427.7294839549312,490.08290755396445,506.7221968794885,503.9634395624255,498.99702022691554,500.5688278495991,483.1656383688226,473.30902128170607,475.63322003140297,498.43282460729273,520.1034277175795,530.5865071824783,488.4695189575036,445.27543482703004,419.53016583372414,401.6033104557976,396.49551721382204,374.46525742921733
1119,395.8524980272228,385.16185710762727,387.17536275429444,392.72742370144607,401.2902650513397,421.28603450784453,485.6208589126419,578.8975713879568,576.9107408840767,576.801820682679,565.0777323281513,566.7521041287793,548.3879954270169,535.945617703914,538.5593951555262,558.767503946016,597.153643753074,663.6003593116932,636.6631560139855,525.8446365823523,483.89643660064166,463.48867496902915,450.47961535276124,429.4050000797323
1120,418.3882537011676,410.80406337489467,407.0959999383164,417.0594665161824,425.6205829081067,435.62401943574037,546.6019216538077,691.3300921405207,701.916420994045,682.0489944088383,663.1440038721838,646.9602164903198,602.5268504948536,564.6997382783089,549.6913015839386,531.2794608794683,559.4204128836543,589.2949128492403,541.2807092885892,454.9960483420425,377.8286021490246,352.4596995788219,348.39537274086854,321.6770731904824
1121,375.4807930772912,361.83073012621594,361.700455089058,363.70782273133756,373.29376177512324,380.50619662304223,418.9526984815746,472.81442025739625,502.27260941981467,519.5389884123462,516.7461766556529,502.4139334613261,480.7039450388672,457.38147127159345,447.5237738287179,439.4737783253375,452.0686550374083,460.9491779541366,449.192701141678,383.5344774829976,337.1032780988897,332.4054186162016,336.495068514341,309.6018087448867
1122,371.7832314183139,359.3264691572977,354.52498879089495,345.81316299745237,342.35339531860006,341.6161110593901,331.1311702347027,316.1704547960554,307.67674049345624,347.26612676459774,369.6685655129477,392.13808807252326,401.10785988389136,397.6168669518676,403.2083143352853,400.94475415286064,411.9256867566549,426.6318946902637,440.02110596504065,420.68109844324397,416.3605828611239,414.3190623645833,421.54242819510677,400.7238119991048
1123,369.2742927201535,361.8239097262235,348.5658166730489,340.09183453104606,342.7030702299084,364.3020259846601,455.6901416958636,547.9381309576777,556.7027165406856,545.2126987406206,535.2854985393491,539.1021926997579,556.2248764814053,560.7770725457532,585.1502043115105,566.3722210431156,591.0238854872932,565.7695896606608,547.9109292970008,522.5939218795231,447.43329839507214,420.5669300472367,397.4740502045055,380.9196687120119
1124,376.3360337272027,367.3091278122579,368.5384295821408,371.3446165755585,383.95821141188753,406.4240805857121,457.68412935717527,550.9387116704088,553.5194397823464,521.1057992271695,517.6787425852203,509.88753619510766,497.2325613129776,493.42703738886877,493.94575987469557,500.1181132404848,504.6434996861965,517.2542582671554,480.8987604367133,435.337005842692,427.7826315737261,419.70807542360706,412.6034634106464,383.79216717199046
1125,386.2288196116871,383.48823860309415,385.5191058832098,391.00233633877866,397.88056029610567,404.7867530534481,444.5639206566941,512.4763737856797,519.0036292885106,491.2022090791465,477.9784344694692,469.8085206739176,453.5318596355241,433.7588948474867,427.7507819635544,427.73414206033004,431.38360262316434,430.41869749554945,397.4888197787333,354.53072255395375,339.14786447288907,335.83093203243493,332.15714969912716,318.60108493059204
1126,330.26978138572724,314.2181161845984,309.08178511120366,301.13692635144963,311.2236014190204,337.4277478025799,376.61627049822863,434.3194973961373,447.987055375364,443.9303799152704,446.4786391643635,449.6591840850181,453.68221186459715,450.9806101540747,467.2294285517415,491.65186861480396,529.7603663360428,567.817973782529,545.8790884160754,503.19593403421345,461.9068660612868,442.43151767838964,415.5246074100304,391.6057670245086
1127,374.9470365170156,370.5407117308224,364.7665196109821,367.92339974981337,364.3291606276996,370.42524050395514,415.04723127486204,469.5280786509612,478.4556221476622,463.4957609383867,456.0243314255023,451.40028953457676,439.63018770941596,425.4311587709857,413.4337461385914,405.5250755962114,419.79572374383434,441.0872635823116,431.9158977549247,410.64274177223194,404.76953507388805,406.72411111585325,408.5449945122564,382.67495892749525
1128,380.58432068853824,373.85855954112856,372.54902469457403,369.93042833495554,368.47995136886436,366.5377126670952,365.95128542649223,390.5711727585062,403.6155684667111,416.0301024762955,425.5722104816392,425.41091414354986,424.33256213514466,413.0362480875401,404.2717260640512,405.8983593749058,424.2401278856082,442.78070066384157,449.7389131390104,411.15592489314423,397.4515949738274,399.6187607510401,398.78561656635964,378.9671420510282
1129,360.40124768451625,348.4216963784674,343.0555783423729,340.2472003423262,337.22968603399096,341.66164109489523,339.3548129595506,356.2779472927314,358.42751755682525,368.76803068995474,378.96282624328944,393.8644505386527,399.0082755354268,391.19078530469557,387.3178838857565,388.6090804457348,409.5884823134674,446.30309712971507,469.4742080615787,437.95808707730464,425.99945108516505,417.56066379611974,415.44637052482443,389.9765943194717
1130,362.8120526071735,361.8837348553169,360.1982551466374,355.62230607166856,359.95999700613254,383.89516991593365,430.7465127294126,503.39798572694525,482.2804349050049,456.15220370274386,443.3272522384549,426.8737541689809,417.31104643779037,406.70953016786444,400.0076160040876,396.65939447212,407.03831612995543,408.7639760348063,386.6689270620178,359.902746189219,344.24792986335723,334.5545807294273,313.233835108734,288.87364771924666
1131,245.45868244965942,225.49443476596406,218.10499161988622,219.05853876353927,247.95101225291336,296.2602998257112,347.6880966961419,397.99259003668556,409.2326889784364,390.7225777072249,382.93416646909964,378.4153953805426,373.2536880756501,372.02627019206045,378.48670061090644,386.86365186365134,389.0395312288387,418.78559760615354,404.4786980352495,382.46176606376184,379.9493166596437,374.27716310479207,363.03498354279714,342.5659010854218
1132,356.65210894632907,350.52600071823946,348.4697715923557,357.1150114854042,371.38498303534425,384.7269834555448,432.4934336070838,475.8948816130483,462.2230093279823,435.58990564518683,426.51333124357905,426.8546445901827,420.13813491767746,413.5210058089072,415.04214525434054,421.9192618496747,434.85467915518274,450.0983211252971,435.6976466957527,421.8020748545866,412.9568258128569,411.3650242990464,389.2790769715882,378.01777067368647
1133,357.0755327375603,356.25098159799825,368.19695254744033,366.7341517129886,366.87928157793783,382.4565944977902,401.9529804338776,449.82205724090556,438.83808538367435,426.31250213909266,420.8832019310211,411.9719080333002,402.9200210235125,393.26005556194815,386.61358535479434,387.69755653998203,395.2784097556495,416.8092072914748,388.71544918562194,339.53903275217,332.33678727857443,321.93244986994114,297.2195538945861,280.60051002169644
1134,240.7173045157641,228.5517037735898,223.78811754019068,240.23771870569323,253.38992151288477,282.2074029405458,329.61340380474724,365.46725034160073,376.5622312794809,370.3616436509055,368.87855780572795,368.8453140728626,360.92547312981753,355.63547829413545,346.80712360425576,340.79870931346625,351.75992285987843,358.0546795153734,324.5817769055735,286.01383040088604,286.65361467817513,275.7095231204751,264.4487373345502,243.46459472721892
1135,180.40783834500672,154.57081272088536,147.02468578860297,164.54683086968245,170.08207853810922,171.1124376425457,189.35379493376604,194.34836879320065,202.65846821671926,243.51290748115562,246.4052608910059,238.29801799486995,250.38478723100727,227.8056484836897,212.18511644453673,228.92834363560382,227.0243290934309,243.73259461217478,217.44043786914696,211.0252183033099,191.40958940334264,173.88401740502124,157.27381506209645,137.39239686513753
1136,8.25441841236966,-62.67406278251531,-61.87947971417924,-0.34469107608373406,1.099574064066985,20.950217003222633,109.47441301501271,181.67639388598334,216.07322327110992,243.13798031449278,265.60680926776354,293.2790898370773,311.5254719860344,331.29536223572177,352.4786510740292,369.9226055230682,388.45867598106213,437.0153676691058,461.3383271986871,433.9471054389242,382.6754373811536,329.77523835053177,318.2993665803598,296.4575873898622
1137,201.20129567014988,191.6911890638061,186.3371547739709,175.76301056391026,197.4947907085514,253.01415959406626,317.9771309194158,379.42356873640114,394.47951330375207,371.2596489600411,354.79541720742446,336.3874605122329,336.14954638793404,336.51165703000186,335.457792652918,338.46657574715255,351.24996418596396,393.257752675049,393.65259257569363,382.9887400815746,354.65759653332674,326.23957906722575,261.78692312243777,210.5239596101397
1138,304.2925285973157,290.7156006917923,285.6904289027283,291.1133480694368,298.1138265809246,329.0530734480716,377.07609512111645,415.0540792812581,440.51486179940537,445.2455324665245,445.35793641017153,450.8409629641326,450.2856801293451,456.1751117497619,466.2324504330654,483.3129149925379,484.8116340263545,531.5851624238746,529.7689583308057,488.9443253955228,454.234853798684,423.84507049731275,394.3463810029421,336.0637972332502
1139,327.0236883689556,311.2181532669909,305.4321271022845,299.6359306681953,309.0898309438545,328.569834848073,355.76151355305177,393.6802387613166,413.0615266871261,403.52754480921726,405.3794195343447,412.22687783892206,399.1863343104114,388.79482795743746,384.53677266193245,395.4012345267307,404.5260405971511,432.06255376379556,442.2066252126323,412.6572314755931,387.03992176636007,369.3534756326223,350.60345743068564,328.3599009466829
1140,313.9965139754451,308.86912221443214,316.56481669635195,318.25345087156643,326.7619129289546,352.58695036322706,397.8397297325445,458.20197531039855,473.54460155532996,466.9628012387493,459.38617604149454,457.6094860847378,442.61324980901435,439.3104461890486,434.70663977268026,444.81118848273763,459.12598001301376,496.742851676464,503.8148712917596,458.9081355556608,424.9667953367164,402.61776557497603,380.51640808288585,370.12936894400667
1141,325.170446918315,323.2476261894306,326.3722447789921,335.6531908706159,339.09099469030616,357.9258175109118,419.1294808102109,495.04534559832734,519.1379223736438,503.5572914430615,491.22115011771183,472.863795132226,437.6600325192289,426.7055127635698,410.7187633823785,414.9154962062804,440.58496316024514,477.2476774699833,486.04812370763614,455.26933570151243,377.6960711021308,346.7752989294943,331.8027806471946,301.7472731280793
1142,298.0059436219454,285.9158112830336,287.00143208587605,289.8433569333498,289.45264221916875,288.1169851022106,270.06988686091944,294.01285595138665,301.37789557861333,331.6184801172478,336.79750377914075,317.6248268891633,301.8802082833105,284.2299367534277,258.85863350996135,263.9566634732638,282.42566284004016,320.96532778754846,340.53157846511647,321.5549572007765,284.6091597132281,269.6152416650736,280.5818622150716,255.91491452143939
1143,296.0917783482387,281.73588824168553,282.76738330458386,288.72269639636244,292.4901207237636,305.81198289158607,314.82955701051,337.2004778641637,357.7498989453376,379.83591901043457,379.5154745435778,372.8456899162471,364.14425526096784,360.9676376375464,363.31484893723314,372.1565506910221,386.7078625934252,415.55758480614213,438.5742377960148,405.85831540596877,369.2255833064821,343.7977021739037,334.2295861075956,304.23806035068793
1144,303.91723140449113,300.1122752369893,300.9290200447461,301.1930326053566,308.3458912496281,349.29535496543735,409.47070980117564,504.89092174632293,522.0119202215733,500.4432910152462,479.6967408360663,453.19655706221357,435.63595505763635,435.2305634648956,430.4170181387956,442.4002557059073,467.2301347565466,495.465140736095,501.0144180158061,477.24345697735055,427.56995889540974,400.86098186009815,367.85237824338105,354.36751878682594
1145,280.3694608162555,282.7236145921345,289.5179590866391,296.6844163003847,302.0350437025214,328.2727148327981,374.31429952550366,417.8989372122977,414.1823855731155,388.278042266184,375.70130547877153,358.37591660021974,342.2312810174361,339.668505692102,341.4913745604317,352.33175341620927,355.2397842488412,391.53824261225185,374.6645941269597,321.2040554066125,312.66570164119696,301.7886715964238,295.4686555523846,261.8800256674955
1146,250.40180914987744,241.1578290867721,242.05333024967263,251.273658073077,265.1936450063275,292.7388335935426,336.3312973278954,389.07432096589844,409.1694316251864,395.35532679352104,392.3970964761752,386.0194932569283,375.0843382587377,379.18277864655386,387.3000579938071,413.6081166564329,435.3473844138822,468.0791793139294,481.3477299682638,449.94059900903676,415.3789703279612,381.4582428779046,360.44985806059236,334.52813474083985
1147,290.3779404377506,279.95986825147617,283.25555418224627,285.3252449895182,291.5906464987976,320.3499643295073,355.5861014548662,402.33929259030106,406.76293506032926,389.8356020299525,382.01515879573384,375.7713180922893,362.8596572041344,358.34480885654455,358.3302600139042,374.6549328139169,396.670827624528,429.3510994214017,438.39148404572916,418.91901694432846,397.4561634027077,369.70799409514524,351.77371752871437,335.5791895294621
1148,319.800136806394,316.89640792509806,313.7332606362446,315.8452282751459,320.00235792818444,333.68850341879295,373.4242112819986,433.67802686013624,447.64015610247554,426.95854458445103,418.04429891610806,405.68549511642374,391.18376993511646,387.8736818236184,375.0367714489438,385.06630452384456,419.99880568625946,459.37365580515086,468.29417939692945,431.9236108629922,399.90407129771535,373.7720121485108,364.3944621588903,340.700645304973
1149,295.68826801465303,290.74131201629916,295.00993450704703,299.47859550342935,303.3513568651281,315.1156729775104,319.61835226584947,351.2514612103512,369.3835994640218,374.87174744930405,369.70758424198385,359.1993443069498,355.3908024078536,347.57746076309905,333.16220156814853,346.2363173230683,369.72456544206506,411.7015870990014,434.2952416617759,408.14364461598404,371.5510158019292,350.6050966260298,346.3752840283527,331.50504150673083
1150,297.5286477061699,282.84413621130756,281.36749500629946,282.0791375375238,284.8256956866675,301.2273945675878,308.743495358302,341.6118034408124,366.758791242997,377.83796933475315,376.32662532191,371.0897533810543,360.44057748913565,353.90719145228263,347.9552771386958,346.66703816252385,358.19249368313496,391.86512491028543,428.15855304695026,408.6140909486817,379.6581861686461,365.4947648637861,361.2887015338809,340.3262183826742
1151,302.4721501230545,300.6892514184986,301.80368761497186,299.2143207783868,307.305666853937,348.2608869292165,400.18039200928473,493.2170413108537,509.3562731486616,487.4774573830586,464.1249465088995,431.25410774277395,413.0008887223282,408.5921480057457,403.1440703314944,408.0228722723359,430.05071274916503,455.2384809452915,476.3106549153107,449.329185707176,411.9007005784048,388.26682104659255,362.57412186892,345.6113044151675
1152,299.72363450628905,294.97456346483386,297.99299230979346,303.5696810261521,313.2794678762032,345.0488252953362,396.3523798496325,488.8723898525772,509.95581020462384,482.9360198232249,463.2206597814397,436.82604394354667,408.31859429835316,403.2821616246938,403.5378892971069,416.40041125577824,431.3819169079997,489.8626656797495,513.6965438846984,457.1877317255137,416.7893634278116,400.5263802188337,396.74313000142723,380.13149326588723
1153,310.6855934598688,310.4917735872083,313.6411355966422,313.9686194948395,319.3210944474536,340.44931736357876,385.9792311627128,456.0930775414537,463.56655990333513,435.6117104238751,417.3662024942843,397.7366662644887,373.5264383909522,368.9209748416744,370.1934338027889,382.904228333995,402.5285963689543,432.11543042528405,432.823549521205,393.69153348211364,363.06171893145455,326.2970706230653,304.4031339459575,291.61219723874456
1154,254.91724853345147,243.267610377337,250.0779355487291,249.48966381890415,260.82745578693374,299.4691376360107,342.925598623148,400.92660257509124,410.9829675669418,403.23188249686734,390.2827061377579,377.36985964830734,373.6075604167951,374.7660627991549,368.5218550358938,380.5494225691991,410.972409693287,467.12515431289296,509.5710990398883,483.4313343982461,442.0950664542749,410.6002585241431,387.80316128241753,381.66478636129324
1155,320.6054361196029,323.58015093418516,325.9099707349544,332.8379908167984,336.82466205867956,349.43718900466644,399.0997931400683,476.77580949168356,499.08481687579945,473.62785659879677,449.50895049653957,428.1262733063631,404.59377270294783,395.85627274066445,386.76161824563275,386.40632451829543,411.9027744997826,453.8677126659978,478.2130550511396,443.63097071718835,407.73218937711874,382.2854065573704,383.50594907806095,376.4815450930506
1156,333.318489388358,331.1509757545414,336.2476063268754,334.6437136156438,333.9570310974406,335.7115521853294,327.1305629356799,361.30666757748565,379.13743433356746,381.30361675295717,374.66858231972355,361.7467829375616,350.27442593544043,337.6281089363223,328.0765604417819,332.8723493084141,350.183357238991,391.1951598443512,408.2433956099916,378.51348905061644,339.04435604366006,300.4499157063225,286.9411560576706,254.23201903443226
1157,187.8783969253443,143.98084640543811,135.3744865103119,132.6482394427475,129.83028897173813,141.05156314269286,139.83675672936542,131.78750137334492,138.66838474740166,190.2349004964114,212.2475584342338,235.91330238367092,243.04792547464237,224.21268307466147,228.17522011740886,252.4176423701721,273.97125758510776,330.95862953335063,385.4146027574134,394.5995813366046,377.0251319927112,348.16430742602273,326.3485955378432,281.9327801347344
1158,281.80628983793974,268.86229904374653,244.4850793877221,238.55030773488295,247.88756530239064,302.93954901345796,357.8311058232376,404.4802835518841,400.63418016066174,392.9528871999368,379.71722861937724,366.9106795097928,360.4047361121408,349.73811077489324,349.7017939666876,349.4843591947948,358.4159800962199,368.22425083605316,367.59049163707243,353.75156667448516,328.1121947411091,310.7737303612237,274.2540618655589,253.15861665195743
1159,13.956998853765242,-18.53037305868139,-48.384445529971,-31.961539765566215,4.1828011016109485,129.22139086290778,270.04544398379676,315.8508306541071,329.7323913346244,311.036141771471,301.7310926507111,296.77722566688396,295.90809061013397,305.56511082052555,313.527610884042,334.34386682266796,331.64958310347697,373.49925747963056,378.0352212259661,363.57999087740166,342.58271644129854,325.09750928673066,330.304300895351,328.4558266741135
1160,315.5855836457483,312.5503095554227,316.1264846718377,317.410469165524,323.75468464215993,341.06593352803674,386.8188947061819,442.2553802619625,456.38627580758526,440.3659832903402,423.01478325826747,413.072255998193,389.9054734296764,373.89157327619125,365.3623737558993,370.46865809911554,380.7913077374146,389.07628030395153,390.8253928683662,363.2331957064125,320.9016954138139,303.7971862804985,289.59918094967304,283.3687424566534
1161,195.1495676408005,175.31763678070487,201.2303224742958,215.2106659353454,231.45771585908253,272.18070362743316,319.9379779692845,367.6237830981452,365.59822879673754,344.0644331178966,329.8640116946214,319.21278107126045,316.40065619877737,316.0801999030294,301.51238636653,304.75305326461864,318.7901819939349,354.92641336322794,369.6992390386536,347.2200573590688,327.5374031299181,300.595987641024,252.20711337229199,230.31355415342438
1162,156.2448564017808,136.20694381796187,127.46818003143417,161.76212221262912,180.71102730168914,216.57002029734252,293.2734718522351,323.75143896581653,325.4279937170108,312.55119533424624,312.97832162610683,306.3907593307728,296.8280423210283,291.52310206772654,270.2128333032447,254.58162801434372,259.7856557023463,273.3238855545528,275.2230589898545,252.83036579716298,245.78481341624527,234.29374799077192,233.5395314845972,229.19735069427261
1163,218.68561271092278,201.18622585280517,191.10381809379027,186.91355430111918,189.90057945833755,181.67958984347456,159.71177593401356,134.52661412075201,152.14140998867128,186.51991994899026,211.9243622091413,199.4984327968278,168.81841489546042,139.72829833733638,120.06306022601075,150.54221922061475,169.43341523062992,174.9752897222814,176.12606667500785,163.27413225023278,173.37754119652064,151.41155398679317,165.31039190185732,134.0729888813414
1164,52.212379489731234,-41.66461687717407,-63.88546859738142,-102.08757696940654,-106.86120662862567,-3.969701530242446,-13.707724920353087,53.15397107579025,124.36955146296458,169.4353151915944,183.46169530635362,203.9052953730434,186.69939745402033,225.18948760149368,258.4509359938633,291.3273612144104,310.8606097868949,346.10939921030814,399.9856900786248,372.9286155411663,340.25329296597556,320.3939432219858,333.20568075506327,319.9930960816446
1165,282.5390197621232,278.12374029325645,279.39125287659755,292.2301024715715,299.08857193758325,328.69804218454243,385.0405701798307,464.3334479429309,481.8454693942503,462.11586607067306,436.4568496070853,420.5327847094036,405.13885733749845,401.0178988129591,398.9628876649436,405.2879115332525,428.5682642027267,467.05495846531005,490.8891621243493,467.2177075497216,400.71627825291824,357.2075137823915,328.93384782890996,322.48874999560843
1166,333.9575340071284,334.82908946942814,342.9387974875964,339.2227224018387,346.5141662326159,358.3954942671815,374.87473270555495,434.6557238217104,427.16436349289245,407.2183155788392,388.63483768355127,375.88986231573074,360.52981230258456,345.9540900138596,331.7415627962649,319.52705313838266,311.03719661264654,326.79935523928464,326.458622861447,282.7530386108968,274.96452830655846,278.5467444677313,269.58045213145147,236.16592891487068
1167,29.655206715277586,-1.816988392414146,33.973822126827486,101.46279577861134,136.70440802548262,188.05672345127851,281.55561402050995,325.2399631917954,337.2657808252728,322.2953699902442,316.8528938973848,313.8276334023175,305.74252457483396,310.66633671532395,316.95780543906903,331.37738410629237,339.35378405707,344.8177672589809,342.87447585971995,333.7738674015028,320.92295429498876,316.93841681686996,301.40308064804685,278.99080864101427
1168,269.35578316836825,251.80986196188297,254.94457199262285,272.00805702604026,284.24964473202687,300.9211242909671,341.086067425547,367.21324474051346,375.47035775710407,372.4444612781769,371.41016648342196,366.0485026257759,359.25606735950754,349.35137850392897,344.44640737118334,350.7213143803149,358.0255250642309,373.8245031142738,389.96965857893815,382.64244433919004,367.4623720412559,344.21008451711043,288.1988920173515,256.40158307081134
1169,298.3033930846715,285.4381400713346,279.5027138860991,291.3855047498575,297.4128501736225,301.658138049288,337.3304339551441,360.9377394935172,372.318973420302,371.6788423627331,370.5606319118236,365.0327902471376,338.63992675338835,325.61381916551926,313.0137077718104,308.34479211718104,321.3524512585005,314.3986168458843,305.138836377656,250.21120187973378,232.3213772035574,247.03965095704987,255.42452757186703,227.1630743674669
1170,90.19658838296337,52.82932907082261,90.44992758071393,146.655445841524,152.848707816489,115.01900554818988,91.03013569222736,78.74554380856142,133.21987543521976,175.52112266026603,186.72062362920866,191.35355659330062,213.53380395551747,232.89902006371483,253.66267490929135,285.01083646902737,285.283598470377,295.26806011475287,308.82481412669745,285.46121095150477,237.97787124034593,160.28060815250407,175.86945407023927,156.23776720272016
1171,269.8428152737539,235.8370000023826,209.2358380339609,199.8925607865252,199.47910945460808,190.30216759649846,177.27193802086825,142.7299056715892,162.09336941594998,220.55139349966933,250.422839876092,269.04326868582973,270.09712058827824,244.34882452879197,240.39612546080176,233.05439180474443,218.51262269166412,212.80981268151345,243.7419697795334,238.0412345784551,211.73147232491232,214.59856471076856,207.83371285348457,169.45158678450593
1172,74.31160912108834,21.291581717318593,-7.5148261104903895,-6.195419174487142,45.67299903470371,181.53489908581136,266.381359065632,324.5492996662457,332.3633177483941,316.24192488096514,314.72908641316707,301.82001877378553,297.82332871770075,300.65880644628703,308.407548153436,317.50438951859445,326.19571564669246,336.9933292865629,368.23694699692794,370.6715965610449,348.7183220310476,324.0172915372958,312.59270719855397,299.7659022590052
1173,279.4139139179511,276.5025980640945,285.9515909925545,294.7287374053845,300.4043833660996,329.50125330789865,368.87867741765086,420.3196227973101,437.08283837731886,417.4519807009364,404.3709260556725,396.1929083225016,385.2725159614661,383.65941259080955,387.64527616327643,394.61467524345994,395.77708390371515,442.7832651937856,469.42861114025493,443.3406018301659,401.1343957073536,382.82177690234056,376.1507545484089,353.99975224708953
1174,323.830045638949,320.1818601113112,319.7129725570275,311.7288547967977,318.1326158860343,330.37045548253883,352.0995375706463,393.6906137888865,390.81136397292386,377.1049818900309,368.1638014421395,361.96631930858905,347.64009225126773,342.02876417024777,342.57987033756785,355.1254602300751,366.4702076441478,389.6198543574499,413.87470058363397,405.9268896603792,376.54180242528196,341.891904065353,329.7313692957147,328.7600684009384
1175,293.2497602535418,289.64516481812166,298.30440880009064,296.4326587213001,297.15102408240216,317.9966560763578,341.5108007384461,378.87726610031353,374.39499589611506,358.47709401105493,345.0540451621117,332.05915819624016,322.30520734798785,316.9714027522045,308.6918229189969,312.8795632494356,324.1009561055151,363.1552615869726,390.40336808925457,378.00455009192103,344.8153734601628,330.91779264053554,315.16302674802535,309.9302533643938
1176,295.46688901295727,302.1194404526938,308.82095774098127,316.4311329948909,324.7764813064829,346.0900120024408,370.3471450696921,429.66932972456163,437.12016160149506,419.5100725153481,403.49461077063296,389.26853240916523,367.8492151954064,363.30309140555056,356.01613379018045,350.701173399534,367.03519377348846,395.1308295373122,414.9623084407256,381.21991666035194,340.66027782682323,315.6522936889422,296.9784707268879,265.1438520360949
1177,255.2468001200528,239.59950842980143,245.84103237264816,257.81205969305734,264.2056098050077,268.0672700564676,250.0681600652416,270.95680192474947,285.6599186375386,292.2868179818728,286.3285020581323,264.0274238084789,244.97566979155184,213.70065753112422,166.1678814728186,178.34278677231265,214.15162178953847,274.0880940043329,330.2698323333827,309.4791046712078,298.8181866926021,294.2202197100726,299.16386143496214,279.7278908486013
1178,280.48599884374,266.4361090320555,264.54655210831913,264.0353004381633,264.8206341772231,277.8730687200521,267.2885664471812,287.3371244871678,294.60406302808485,310.40421847583315,301.4135191496846,299.3857856628492,285.51059289919823,264.7599765847026,256.5536322916553,244.17408299224587,236.6694563865235,246.11981717232587,290.34787890277954,270.5242133516747,237.9185136700595,227.08894795580997,214.05508684114835,151.4183634354725
1179,181.15609646497973,165.59361149528507,165.5481517969849,182.16246442521765,201.12951930091998,263.54181550584764,327.59046287597414,387.8241235680244,385.61400701359736,370.2176961703397,351.97720335520575,335.74518935797613,326.2020965723257,322.5795752576192,309.93027914483804,309.2408863070497,311.1941067977706,349.8847770491657,393.8397487514833,399.35572901984557,384.2303229788324,368.1829676682742,350.46077508873833,324.0294009958995
1180,278.4060221249843,269.5982213411911,255.4236008739462,247.43845901882108,250.3917326529721,275.8631950234336,324.9101744726019,354.66426425319844,359.0872928987831,337.78685817722567,326.3188994262151,323.00440235617566,323.5267406251585,331.32770865643437,345.52329676050226,359.0483985338139,367.40034937739415,412.971984782235,445.628318817514,437.5601832111465,391.30772229238653,360.65242289077554,350.01443820124314,329.590966899183
1181,288.8596696416753,282.8391313143161,279.2662572587003,273.67604943504347,279.33764172384895,302.20967121042366,332.37226115469105,374.63649800124153,374.9557926695021,357.0694523773213,345.7758674940183,340.27072493396446,332.93649874703226,332.0093640714765,333.1631952857088,339.22750171284173,343.1776765862348,351.8708975090327,371.4149373351229,374.47340824089815,362.0258896138368,346.2720199294718,341.1242987072819,334.5173051748562
1182,265.9449552129337,259.3457648824745,270.9367822038047,273.9338652372393,285.17984021103956,317.28333517498635,342.12229157470307,396.7100753971994,406.7786451577579,387.5645041305643,368.03263464043823,355.77060656665356,352.8847761529832,356.21245007552994,357.23819010487125,362.0175496407784,370.80378718595273,387.89458668531245,411.1692660984103,407.10059290743595,371.08199206232064,343.61184822652604,329.01501743987535,305.08520790425194
1183,288.8451209253956,287.4600907263147,288.3764619236497,287.3139617979977,289.5114674886317,305.0383407642215,350.1297731209462,391.6572554710227,386.59886061768765,365.9922134144648,343.8767936357916,320.04524315139486,290.8947123428763,282.08538828116673,270.41994224976713,275.5219133381544,293.1309720491825,335.20682918142063,354.45037074738184,348.61901568090366,309.20776428406595,294.3320443797613,300.33823175059166,287.9582117909933
1184,269.783299712631,261.4821896350078,266.4255200388234,266.9198012701338,267.6490232753706,274.46596953068024,265.7170688182549,291.6322006060392,303.8218891481721,302.4693408065212,287.1723458458714,264.01488053087184,246.4876792465391,230.30464539842387,215.9650172450071,209.31165691002818,225.5655486406706,264.96154603620937,274.02675125523314,283.68264461774754,251.2094383334692,230.21496669932424,232.76941321945156,195.25686167436817
1185,186.87460195957706,162.4306451144563,155.89857662776876,147.17380722844325,141.097826213993,167.8816506564931,152.43774977526664,153.95456410561016,141.5260704348948,134.25316326804239,115.38387439293581,113.7757853784264,125.80052853009366,140.913339636753,170.28549245524434,204.613496453605,235.54978711054295,291.8109659919262,336.1232099126318,353.1581218105169,337.1620209011512,323.16882650384986,325.8912668794629,308.09847566948946
1186,269.66467911204245,263.80003724544713,271.98669691297044,281.1300098940027,284.2216186580761,315.72927840462796,370.4922975908297,428.8232901097876,434.13815940363133,417.4760113313485,401.84271791094864,391.43369174605414,386.4011833737538,380.59450540650823,370.2741760824426,356.7215887119768,371.4865456088535,387.64627775707095,402.0017988807174,403.5938538059095,364.71461305977704,331.95620392805034,296.3069775759724,263.30105997449243
1187,221.16096182593776,207.9886730684505,196.28943029660144,190.11211383055928,197.43501702852058,244.1822410043452,307.1218220406733,344.64599122713105,344.1821044205582,318.14755658624824,288.0627134676687,259.72232037012196,244.49356918927077,236.1512533004744,222.00311514087326,231.5092305173452,236.77270424421212,264.49632199697675,294.01178225243024,313.3534285755675,301.7890945548979,268.03545852975145,253.44806324967342,196.45108082650552
1188,191.6396996121956,185.7744245375214,182.99777025718635,185.62413058634507,203.60882339458288,255.16127379467144,309.3051299706624,373.38170018186815,382.16905853821254,365.03786034546033,352.7043732909164,339.13179328131133,328.6605308599,333.1422761992426,334.6219982791187,348.31474455923933,362.21092585859236,380.2572491972494,391.2265423151135,397.7604099074543,372.06336645134945,342.4148031843968,331.39284117024545,313.21891425534164
1189,262.679246704871,252.5678174620702,256.7002297992373,249.9366034534589,251.72836297508573,286.03537668866795,327.9615586360277,369.7321200925546,366.5545600155776,352.76015787476837,333.8615805784435,314.6351155485061,297.2293259798857,286.29844662375194,268.94837129229387,266.41504457800505,270.2481715657696,299.0516175871306,335.7135580441209,364.7378026632337,351.2489881156861,304.07901350057193,275.9225084952247,242.98059230003196
1190,261.08122666651525,253.2108840472977,255.14728903006971,260.3948658454804,268.89879977546616,292.0865889820101,344.18433923901296,390.0522346831889,393.7453560188266,372.421131615916,344.28024478804633,313.8186849117124,260.87172227613894,242.76238212296118,210.0847522949726,195.21028664692415,210.9503417340611,225.0996171326868,258.7810512411609,292.56626414169256,281.4676942647839,240.76040036135788,227.30833770433992,222.59639971643838
1191,268.97812744617283,262.89230948101687,262.9172987668972,259.47681512207294,261.6836818694158,268.88144371590244,269.2394093652304,283.3983414400873,304.5387718926406,305.79037400772347,306.4519471224904,284.9913333226424,254.92709736460887,221.5114222955358,183.79172168041904,172.38542387856705,173.36276871244053,182.63827733424446,247.56533675792605,281.14098451196537,263.5313235150629,224.28060105456098,218.77209195186077,202.10707234607182
1192,258.2059551986827,243.73223101793968,241.9201309739552,235.29604637336234,237.27101032483324,262.18142178290464,261.50452065231065,300.7509908654009,317.1229704612638,322.6690815945603,307.6390566873601,298.8321706537771,279.68675597278485,259.4775497775862,256.26221240292995,256.1935869762999,266.0003719962625,284.6048357956808,341.2420485154669,354.337091633735,338.3692333550715,318.06879508561894,322.6172602253731,301.0534965200498
1193,297.1268801626727,293.6589457646771,293.49273811911013,287.9878615238129,287.11619935956503,316.526009510877,361.9149554953718,420.7386215774876,404.3192987033673,379.36767659348436,348.6849074909068,328.92391623411027,308.0249903375091,319.4023664152821,325.5322885461472,328.941000858541,342.0121730650161,355.46690976226677,377.93569813469867,403.6979024415998,385.5660490288561,354.86703837889496,329.37431058067745,317.57291404513063
1194,287.63777060204507,293.72645736104437,299.43833113083093,300.31716711444847,308.86617108499075,323.98269572600304,342.60950559169754,394.7112762404294,389.63261524033703,363.8069349891437,345.977642435194,326.7415198913453,319.537465629908,322.4998848279097,324.44560483012435,324.3063934642488,328.8637027577993,350.9255002224769,357.96495517856613,367.94938506482225,344.8684985282287,333.5592035841749,313.86646435543264,295.04285642418233
1195,306.4229395727065,306.6462030901516,304.3149202734673,299.4838352090733,301.89150904598614,332.40583195247626,353.7880332925306,407.9712891241013,417.5008303208173,400.21710697902995,383.01832662524174,375.16077120199327,358.6738424081839,353.9731889591123,349.73195639366634,356.802915100545,367.1024540337636,371.18403320829134,384.313919080072,400.7344854499421,381.24814190834405,357.4250397004385,348.5608494009511,342.6086799279536
1196,308.39291170756826,308.4990691685032,317.2592270287043,317.62703705411377,331.72726159452117,352.3282901497503,375.3765626540785,446.1468184782274,472.28634813364886,422.7409643514437,406.73246629117057,394.7814251655857,373.27763458085735,371.11774024732694,363.0170273993071,361.9384138872104,370.32543513960997,377.7674924238587,397.0802256204079,410.07079989431423,385.5524019511968,364.7707961342483,353.2224914670546,346.18489835770123
1197,338.6663454758827,340.23375275810025,345.3646934757106,345.2277358030372,347.495245114968,352.8313883203958,382.99126052878455,444.7478078469733,461.37465901353966,424.377658910769,393.6953275269158,375.6827556474351,357.7920415273108,345.61167792417257,328.04757528479894,320.1852776553906,326.00932398859794,326.01685147865817,346.60833752039014,369.1443107499521,362.08543692743075,342.46185067471964,341.4612125603508,329.6364458742828
1198,317.24841153802623,309.38477719480534,302.76674171480806,294.0624224456994,287.2288599549694,292.12557049020444,294.543522772755,310.82473836343974,321.59115902067174,329.6902320469827,318.3271120806439,291.0094991063728,262.0191024279216,233.48755881916364,218.2624679535033,194.71651179319625,195.94976015615705,171.12678838763452,235.52952903814304,284.84128853684444,279.3917830372692,275.18112447485953,272.87051809373474,237.6599411194267
1199,282.8448717812714,267.3610709681274,256.91543280643657,249.2294750821936,251.67152413120544,266.7017473566883,263.2128816322062,254.75505462910684,253.88071180038477,258.53529102114715,254.1106460287565,249.48578501730972,246.1074114948437,225.0249132357952,217.9773113329109,171.90100991027148,156.8496444080286,162.4646657933009,198.22646433287727,252.00567731149303,267.8704451911536,268.92678197279383,247.34403121125757,214.80513274032185
1200,242.8174794458396,236.59734570378262,239.44282236048878,249.18545187549535,260.0083883289756,299.13105769121523,342.97788916405534,388.22133226478945,386.9965478064617,369.8565791406069,349.1078512672056,331.9815018903535,325.7934367611787,315.28370371696707,305.38480950151967,300.61031883229447,303.1226491098078,304.37337155454105,302.1536477541347,335.62256010263997,327.756551244864,312.9432211843219,279.52615323183534,262.79190563641555
1201,248.3143316391696,244.2996750006015,240.65747048141748,241.9928564671053,257.0407094320098,290.2471114379125,330.5814449761983,377.7932022133153,387.33888394080185,358.1032385051908,339.587572159476,326.84624493692945,310.581327947005,307.6218497153278,294.7043447158029,287.9353014844118,273.80850289485727,285.9598972692005,310.0334057736735,328.21832916188805,309.8969479551438,291.32033936290514,270.3894427321228,227.17016943165038
1202,283.0207562587827,277.03905445692624,276.5610574867047,275.260582138437,288.34638916887167,308.3523104855401,337.6008059703162,392.5613979070369,409.8117205453579,380.61545499910613,366.5464382910941,354.98515926400904,340.7732238624403,335.74003033425794,330.7287620541637,331.0992794391072,333.46840087308465,335.68404706681514,351.3871665017355,360.02594441906837,345.48504653438795,328.6245781050297,311.61555427730906,286.8614732282827
1203,295.2119238625732,277.60338046546326,264.34365215721704,253.69412058251856,254.275052441272,277.98232287259583,292.937724627157,320.59033312299977,343.20593684590006,335.81454724747624,328.6082153776037,306.94089689031784,304.70613854682415,302.4893663828191,287.7494999705581,278.87684691362165,263.92705578844266,260.9184142351969,330.65802402222954,355.37405077407,345.5097120014711,324.22132910593615,308.2013868693473,284.3459585958855
1204,298.3171820905613,283.425436849772,282.08681201576366,275.34788155756013,258.60112326559204,283.1323201239415,306.19270566656934,340.435180451843,361.07364218627276,354.0714406929423,340.4865257598591,319.38857685702146,309.3188327396742,313.4873866099676,304.6656387990844,297.39883562150237,286.08951506410574,293.15094473852105,344.90636492819095,370.0356448264013,349.02190915403133,335.51273855636623,332.5674104211854,321.70342585678753
1205,300.6619477268074,300.59396774925784,300.3823120527835,294.36031799970453,292.63464333536666,299.4347784463779,285.6216674941503,317.6658202932743,329.3867585065808,324.19571268172695,316.25794180925027,295.53363019942464,286.83509406409354,291.8692782507184,289.3144887741507,291.6583490469826,297.6219552052094,315.4551929436576,333.11058656904396,348.7856383413701,336.530705770996,328.26065344411035,327.9787270226082,307.0819864978249
1206,309.2643561283839,300.2601169541294,295.89200204976925,286.8481931490384,284.9355601287867,297.38598917246014,293.52635864114364,323.40439372347726,332.1698492828626,323.15267692936106,310.188719865005,305.17373274027887,298.60232604196904,292.57938815283114,286.6218032794834,284.86122154815115,287.07110352624795,296.85188478390614,335.1529203335408,351.4256856680229,338.55404826791676,328.0850701624398,319.1653410740175,303.2157356313862
1207,281.6780497805118,280.7073422047867,278.68959103857105,275.29335651632806,281.2386163633915,303.83279441372514,334.4732913240499,381.8473804281779,383.86329266538786,351.00669807961356,344.1158898152411,325.5688338454219,308.70717547073065,307.74762283209145,294.5451271254307,271.01172443375316,240.86376037436403,246.1886664437832,257.3495458374198,308.26324408251713,297.77673582655075,276.7929872594112,238.86778997031797,180.2570160998967
1208,-73.21660848738725,-45.944268286096246,-1.5266374180268372,32.58583712825288,58.65407023588094,104.16426696764731,180.04979688478775,233.0037298510079,256.30067421543004,226.02737558836154,246.99302666387132,236.0479652976727,217.90157067620268,181.32543252204542,236.6172313002715,236.8060513526773,162.38967585582583,238.3928155972871,203.33993549385323,242.02274234246522,235.23536309029254,215.93720730062796,214.57154021992932,175.5095364985529
1209,136.33800904887045,139.32859124693337,135.07738732007127,132.19805034970753,141.16167409384033,163.71575221407642,252.12960155093134,272.9496644298458,301.2724610144453,295.32406952290347,271.97584462888364,250.60388851014113,241.93900696465056,221.2014931418913,264.0159014897994,278.5700917976683,275.7399228563271,309.82793795226485,324.14763748932137,337.2365843497131,324.8418756140793,270.80789727188005,264.89990021086817,251.24220862223922
1210,212.19448415719324,199.69469512910325,209.89291601315512,213.72670984753825,233.91359135752074,265.940697082837,309.52631316211034,352.6139989701621,381.7633540100174,363.37812209931894,334.44021504881687,316.1006091056724,311.020283642374,319.5198632074573,314.3017512840872,321.86047175119296,331.230417302564,360.16720927072754,369.532727643813,376.61682531912487,350.1114164974654,322.1720939273776,313.74381723554666,288.2179608953384
1211,272.9666333798322,261.84118851242874,262.22072252807385,258.7706342802344,260.76942654859033,276.48833410813666,323.1576302389062,341.4133171061409,348.9490524765024,337.43816627445733,328.0003044563005,327.1320107887635,324.1021505487832,325.6361864203592,320.2399266014761,313.53030441431895,305.3691682012438,308.2308841746352,334.239629528883,342.2532705276645,335.91309482879706,302.3241736867625,296.72202535658494,276.24397631177504
1212,256.605169316502,246.68830297718898,244.462491178198,238.2813582738375,239.356016486711,254.76823193741566,268.5343809462145,298.0892113945577,321.681036258753,324.8447440653786,320.65797022090004,307.7167836048851,301.2208055756539,298.0981956455954,293.53997201696626,294.95565064454803,299.080438443341,325.4859307095227,346.37121832581795,359.6151450540282,354.13049255121683,326.61428328237,323.0100156735477,301.4306180024125
1213,247.849762982277,227.31492884922545,214.4677233348235,205.62422406532778,197.91032263346773,220.70013180179416,221.67711307674728,273.2898818015783,300.48996881633394,307.39516687897606,301.07620134552155,290.62008418227316,279.2967224162528,267.19145878387894,264.6145459389485,259.532297996201,253.74058739203264,272.8384166174773,305.98460921393826,332.28252714786686,328.32500370009404,312.0987444565149,303.68990202624263,278.9654785682212
1214,291.20021887415805,284.3658659205638,285.3306989664344,280.0972454921253,280.36575421215946,300.08366649704504,340.9290429709721,385.2091669579274,384.5490934480039,362.20594979435486,350.4646564923394,337.017465723541,323.2024559103503,295.2809741866306,323.4086135578276,325.34791121032936,312.5984899250618,327.1314288656,345.10922580252566,362.44199878721344,353.4803191591699,327.4882713244857,309.45211698973685,293.39707900207253
1215,286.3232109523031,285.53265820982244,292.3650966211799,294.6189827012841,297.90663593566063,305.1144366615133,345.0373095187035,392.5650279002728,400.02817139721515,375.9549052128706,342.74755017980175,329.13325721742905,313.4686970659427,315.56768455339795,313.4598618204945,316.04264811914845,323.9174201768959,346.7954975613457,376.40394179071944,378.6585418401688,361.48715429153907,346.0652750906692,325.68473872170375,304.556228411324
1216,304.62742268970766,302.6649439730488,308.63754343207114,305.1211118394438,303.08055280277625,304.47948470224895,344.61138037797605,375.0059992849288,381.96674710881666,368.75174396328714,346.31748218214295,332.8221599602013,314.4401349162962,292.6586812662307,281.7688152087067,279.0506996387962,264.9209380851311,258.39176393774676,301.732020052692,321.8492551473903,315.3617981412459,294.714392898526,263.2798707701413,220.80685186683823
1217,-0.7511858379897376,7.03368693581308,65.98328380222804,109.06736375595472,115.23886797176297,147.76069005601585,223.08567839797968,265.6136034462745,290.6567092911571,265.0810920124016,250.6804433471466,232.4721726484567,226.42381373130002,199.0541228670174,198.5243502881271,203.1393689728411,198.348246953193,199.69895937061395,226.5478108642644,305.6365496184939,313.9571918295659,289.32963543701607,274.2222330203277,233.81667197822617
1218,256.35124934843475,250.88928745954004,252.58085906536624,258.71140252163445,262.89218887892906,262.9979435230993,307.8857943359127,327.0308775725608,339.6227726011831,313.2717262024348,292.54970377073204,269.968105855757,244.12999302396724,215.92727017157918,194.255202972421,188.56881106505824,195.46157444639385,232.81357847222648,239.14640511062643,272.75256116980574,274.2585200946165,270.5609397503167,254.4568045766712,224.6992775825633
1219,275.7549036400362,255.08253762885747,253.3726057007535,241.98280678844714,239.1455984091851,245.75297209289693,250.92835496317463,263.0659944352139,281.8586603043422,289.8226385915743,291.1040072762472,276.6021587941735,263.2076389362263,251.75666886805027,235.258556353384,235.55505495466662,243.45896976292386,266.8574168758547,296.71087649070483,318.1106569338539,314.58414188382693,317.967203210555,320.40949769502333,306.6764548482325
1220,318.25782365260375,304.1991825911234,300.87735530125883,294.51972268205225,290.63076862235624,292.39320196813304,290.5585857374508,307.9482106357824,310.63489827980806,314.2353281794891,307.6534386074869,298.1640322206317,291.3908416412515,274.18653338444767,258.6477006099033,241.65867652022519,233.29673951443525,253.62490510282439,289.16022753758114,313.0397491709453,313.47591362082386,308.15978806829423,288.31594642552847,257.64673626485387
1221,251.43124880710667,241.2229639142731,242.28245366978263,238.67906221445307,234.59497661681968,249.40506789736204,320.27863400482215,350.4254472395414,361.3345269870586,346.4244295852943,330.5746024327031,317.76450760646304,308.7365011190654,293.71986515243395,285.1920585584041,272.09583462263333,244.9079122817024,260.4819822305919,267.4126002681901,310.2528298097477,308.6930508502478,306.4202351721659,284.7533376230391,233.20016210055746
1222,284.4226869992448,282.89990337357597,281.345886725067,273.17588549545377,270.05716512087025,282.8388621076062,340.6911044029566,365.4231137849366,378.8277229491749,350.964069215008,324.2964536182301,314.9026416518869,312.70621202441987,318.9702745521677,302.9459224415574,291.0837087839701,293.1320822755597,314.8060920485165,348.13671145450525,378.35896636935536,377.4767104708957,369.32885860357516,373.2904587625928,343.24842931691757
1223,334.17450503908765,329.5436382773873,330.18567740628237,324.7668756900507,324.1734801693586,330.8936783430365,363.6011796864597,415.61936871940986,435.22738929208947,412.50020301801555,389.6242171509259,378.1855852245973,360.1709624190765,351.5931352023739,339.98482808050534,327.00322439385985,324.1131100478274,344.15010432973094,364.1896626440542,360.393142886683,357.632820008445,323.3659546703662,308.22743396262524,251.25345508501442
1224,204.1551290974882,205.3239667752333,214.82692758361537,233.41318874438957,244.07696456802776,261.029804282977,319.914662965318,373.6849918926213,395.1601552695717,373.11849057443595,358.5676869748183,348.8790187029032,333.40319868364554,331.2310966814458,334.35113281629407,340.189722400244,341.79867460644414,353.0556004591907,360.5335561428594,378.3766224739054,364.66458462095756,346.9479439795609,342.5651389710024,332.7760418959509
1225,310.8441198404008,313.1477681670501,317.4165199977203,317.3408800820619,320.8761338707395,317.05734845883876,350.3145656851934,394.5323075698994,404.13115617808353,381.1772378560487,369.826664664422,351.983976963069,341.1264121014514,331.76718862463855,319.06129505795184,305.4905496129892,292.87055283483835,314.24555905079274,315.95550362502,330.9609066908124,329.4678196388671,313.9935616093918,310.6445268649196,286.8726467928823
1226,306.1055479671088,297.2275466744293,297.45026529099863,291.97880159180994,289.1073810404626,287.3542556331252,293.17057355479477,316.17929562894744,333.72378603569945,336.408786842768,333.6152424806041,323.65504612690984,313.00000034642915,293.679739115836,285.35964957293913,274.35961736363845,274.73839460487,297.4003060980234,328.27292375191854,346.28123198879985,345.29573707665696,328.06658200725525,323.87384546794186,278.91519179024743
1227,240.0052993359503,220.1592434130516,205.47673612927065,193.182280632247,183.68459089250172,195.19364267633196,211.35052228621012,220.82233704869213,232.76222263703082,250.5257905204308,247.05090882481392,248.59521212759745,232.8684189013169,216.6267057077602,193.1744445437901,194.0976443456538,204.03823582084797,227.39387002690216,266.99459464078126,297.2332638955547,306.79648635558385,308.039522902168,315.23103587232674,287.73205055668245
1228,231.8719133480144,223.11483940892742,235.88387213773262,245.0660386083058,249.7928208235216,261.91389643857127,324.203523304375,370.37333880422455,385.42312504056935,368.2696225874182,349.81613806208776,341.3032288043313,335.8149786037998,328.40214890771335,328.9312638195707,321.2887683420877,317.63611909801386,316.54660926776734,354.2786052560332,391.3374524311158,391.5488146831406,372.6292296169999,363.32897837310077,326.1166615180348
1229,296.5784630340105,299.4081301665035,301.5322798763152,299.62488710705344,304.0153095544451,318.2170924352287,354.76788146958484,397.77861915771166,414.85321954668615,387.6865583481818,355.2051286642129,339.8945778474556,335.2978369184321,338.3462655678181,330.840753867706,325.8950427855114,329.95375854385316,347.5978212305217,387.54464317918934,417.13704139593153,410.90635809096494,386.0099325678723,382.3521188256962,354.335620927137
1230,301.5951403757579,295.16671950231535,295.09860473842974,301.3570079123991,297.8188190010828,312.5769361248788,349.1238915945041,399.3944892929636,416.29089199348505,390.5086834082022,375.6433060972733,355.9902571469958,347.7060475965144,348.1686268302476,342.74681081078086,340.5485282212553,337.83289403576384,340.61815127677016,363.11182071590207,377.8527487941061,372.64831389617035,349.98795238873464,344.85007037168697,321.02575035631634
1231,283.31775820036853,275.1566954780301,276.959832962815,276.4248594479032,265.47780004803684,279.2181206213766,345.0167641441008,379.2221994028798,391.356979749239,376.97735691370684,365.45810071514484,343.90480985781323,322.46416179124384,319.06139460385384,298.664969695814,293.0424030000121,274.6196576460701,271.29908958158705,304.52589621981485,330.9163596233772,317.69392892964214,290.2172133492554,268.36720166703515,225.92921731468152
1232,242.5910591913974,220.6492578972476,196.40915932218186,179.38032058889937,174.3046835276167,212.17986377438615,256.429733805839,266.6620942384193,282.6850891884248,312.29289583014105,307.3245001228645,295.9081741937716,270.4620130584244,251.09519729613208,238.2336090163528,247.8224897720056,251.45499036144273,271.7280594874162,322.90956358856306,347.43493503347474,345.0439043210756,338.05047200558755,336.0215826208025,306.79730620159404
1233,313.13110703571226,302.1358676598317,299.50301538226483,288.3001610535744,283.00408298218883,277.3207806100126,278.80193485863543,286.47611268472417,289.5851591617933,296.25621523684123,291.9265711088569,284.77709079948676,271.442606788121,252.5667346051959,229.11174199192294,215.9290950421447,210.8092933934853,240.39512416193335,275.50258519067097,298.0161002703355,299.2150735013098,287.3366744235403,295.96676657341516,265.3211537248501
1234,292.56535594803506,275.12987582129415,264.4318091168929,254.84206824570083,249.2539798246249,250.91877695375123,255.88216071787735,265.43417658570354,274.2168073387516,272.6448392350149,247.3720110874292,256.813469328319,251.31659790649957,216.79946697870497,191.5591159888084,190.90858856860368,202.3766270701075,233.28629334826064,296.1166773118596,320.308804857738,320.9682832513554,315.0651733507518,313.3810550765317,287.55133129520794
1235,276.3742513493628,263.1662213694234,262.8346494818584,258.9899025680705,262.8552179761666,288.14512695644385,334.0151257154178,382.950557525318,387.9997080402042,358.91267311535955,340.83015870533313,322.6972044484771,320.1347584474579,319.7982041495282,322.41450745309123,321.84634238160544,318.9363372050888,322.83068719968264,332.1960259566044,363.3189327377199,359.0930927356081,346.1452617335706,334.205640925817,289.23856462287563
1236,275.7041408372547,272.2203552716412,272.5850913350325,270.9374843689538,271.5044847269444,293.4057341522427,354.45776283771585,405.85232474340495,432.6030364329107,412.7008825159654,404.65299110939407,385.83095105757303,368.9885880375838,371.40476116461673,358.7972626451769,355.4260358975141,349.7172863689543,363.76159581765813,395.8979733917176,405.2027827264249,390.7775454123404,378.32874254182565,367.72210193316005,339.48563822578416
1237,267.7454532010925,262.81177204109,260.86503768536716,260.7411115720292,258.7032211072443,271.95110973562123,317.82258344030186,382.68388351593313,401.20776296733857,387.11220597525016,379.2439231037744,361.872969427758,329.6185403646427,327.45638358389505,314.69433479769464,307.18791867326803,296.9817293330169,312.88588914028736,325.5692056579521,339.50221083866256,329.49081464292766,316.3198364848501,312.3568920009595,281.1310630717517
1238,279.640502186086,275.195472491246,283.51886674509086,286.41298765352116,292.9823742413994,304.6416909829913,337.54837251533917,380.549729015736,399.66838723344915,374.7838389574236,369.16253712642043,359.48503060334684,345.7819777642433,333.78445911739385,329.4655226184689,322.9638699786721,320.1912882908452,336.4772256427214,351.18298612734344,375.0753183875051,364.29400243120756,352.0621702208941,358.1821270752022,326.8528366277914
1239,307.88779876088944,303.99666298020145,308.5301123299584,308.6569289538064,307.8194222168411,306.09001086014644,336.2786442122973,379.82013955091196,396.1439772469647,370.85557242620064,342.76914886956416,326.36644813447776,308.99864182518746,292.2545110287407,286.12345445295085,275.94761480630416,281.7919861141804,293.1669546176049,312.84266510521843,340.8764620328851,343.3719402734803,326.0399701942587,321.7129983480886,289.5967463398039
1240,262.50923608674935,249.9728304281707,243.2978784355859,231.58425745117637,226.6208965526735,226.4183339795047,232.7323070730663,240.14347235537704,250.35379054105783,250.38946678356479,243.6761207535094,234.09992800906605,235.27426096538903,221.02901118966582,210.26978354087152,189.65163654822615,183.42821384936508,211.98081661932173,232.22994076274986,263.6959541204719,260.0880687122365,254.54565479304426,250.14453356509227,206.33230925215898
1241,240.91656822674042,217.91755688868957,197.85941899553418,183.88648774953205,174.93937772919008,186.33927539289306,186.05261284231523,173.20175353315688,161.83139594314665,168.19376109708776,175.78449469054542,184.09700237453754,200.38663185133623,196.9112110723032,190.2517865444978,191.00780178879234,217.50176375939753,236.6076421547011,269.2391533369707,298.2254927233564,298.6256073154146,290.71143139392734,290.62999481357997,266.54879733748396
1242,213.51670793239117,186.1836387690285,188.7754521736669,181.69599470536957,164.3626037477194,188.05853854912917,289.5019856379947,330.6383812834758,333.3720676709522,324.4121198113481,305.45565979511844,288.4466678833211,285.2298276857304,276.924624373385,278.5156833978911,275.8453625442867,268.17960747121583,282.3232381259536,292.0034325304432,330.688536836372,329.9505199729461,320.1189799828366,307.88358302396455,281.6023114456479
1243,255.15407704359004,252.84059172869172,252.67170426145663,249.2991642535734,251.24617745130237,263.81342865497083,308.0124895217419,352.21253334832653,375.49414287699653,359.08341884810875,344.5263177689691,326.8187133783173,316.69975549883213,317.1201743530491,311.2085516237899,306.1424774106393,305.0033203526917,320.14823261988374,338.6210798005129,349.7938091798046,332.423325362532,321.65681822725804,308.42896481181486,283.46809762145773
1244,236.29952526972787,219.1707901096214,214.90393652032844,212.13297755378576,208.35342237737635,247.44583988227745,308.0897407222688,363.49842974298383,385.862580326841,374.34070066041204,357.7754523379593,343.0584021847519,325.4027145121202,324.15422251133907,319.10230568425953,320.9570124305869,326.5688312652145,334.53662582985584,359.04431611066684,368.7345139586862,368.38939581085657,359.88402312228055,367.93270112245,338.4797437042736
1245,259.5344388008224,234.485997349428,208.3910003502275,189.87909924732418,174.01573896434974,193.01519612956193,240.87522001580675,247.24665976144632,256.62787413781786,261.5111222234417,247.35047293561166,247.11989667246112,234.62791621451612,222.43251109079273,218.1684783438939,209.45002666411273,198.17828739895378,226.93383423136862,261.4886216175122,303.564357570533,327.42082308177623,306.9727912449279,295.293658114744,254.54488475197627
1246,239.6056957970672,225.78316141592205,241.42823361399314,246.41161155517847,248.07654902265855,248.55696538802448,283.86843421910373,329.67280923718266,354.86730328480274,332.98763628505543,312.570015386846,292.79667870169055,273.57734014717056,262.3040131478849,269.88157240870595,264.6141737679053,282.13262872495125,302.3979040376462,326.6700776895382,353.7690504981665,345.8368344410317,326.80854236580115,327.014812829486,321.01488036975326
1247,285.14962560021513,271.36299876962545,266.581011753086,256.5245691020969,249.39174247321074,250.05472642980084,238.89058046917165,242.38227923579007,247.19647206747888,225.76583667049277,196.51578964821815,179.07462826699674,180.40801813279032,167.92689912342823,138.30172306863207,131.80265374053246,156.25324471117483,191.26101021720362,216.1959732521732,256.93517689548105,279.26896522861426,289.62777146292655,308.79185724577553,296.18788907680033
1248,261.36884745466375,243.29935183461322,236.8369706365328,234.991571867145,224.74871895508784,231.05825676070287,226.84012984268963,257.4618863164908,284.0289704105165,274.8609080224851,250.20728738957422,247.14398725347462,245.9548447507168,241.68808557770518,223.25218737456146,220.34268904989423,229.14853240830038,244.62054654188603,273.5052804226816,305.0805860248548,308.18265705384033,285.72230759608647,277.16729739779373,247.7462693484268
1249,192.7802556283192,161.36168643477086,163.64288228814576,169.12936398529487,167.74904088452877,210.6476125176898,288.4218410757351,343.44781317928886,350.1899126565016,329.3257044459455,315.6120427937344,309.644844054479,301.2160142748463,298.0702908640246,294.44032151938023,297.09028283692436,299.5036999202952,309.8413113424771,322.4474145586582,343.10278153879597,344.64281968275486,331.90040637335244,329.1738886122013,303.48669497996536
1250,293.17385250073386,291.14365473476585,294.9398066279105,293.87753618984874,288.5383639126334,295.3817188124248,339.12048654019543,388.29225483623867,417.887075254199,393.78911571557626,356.5638786866593,338.2924067640274,326.68934832620613,327.9167683033661,318.8452214500476,309.38150401473155,309.36957835024594,324.6459547662341,342.58386796207077,347.6662308100838,338.30138310971535,323.44777410469135,311.4310913401707,269.92517453735576
1251,190.82775234293436,164.81253118929183,125.95658282676914,90.9766519217429,62.16354826923191,98.52528884297033,189.97307348840206,235.19472471787498,281.9479762912572,301.5717620861677,293.7167039034857,287.3696130271791,271.7037717955679,265.9823233732698,255.5091410241663,243.99109536559533,241.59250902039122,276.1277629909081,296.13485498963513,324.87462462240245,327.963758182207,289.9683462061712,275.9671018006195,250.77318865205348
1252,193.88639911063046,189.23213530988744,187.88625083414394,182.70178711788333,164.3789533861568,198.05125504136672,285.889697313199,314.6223915405976,329.29747448178887,293.69425067782595,284.3446773117423,289.37980120555574,279.6930649954666,284.9600731891813,286.3039980559023,288.9237621913934,280.8023824206804,320.97349299080156,333.8268083510919,348.72322281035866,348.1111350257568,317.29896528222883,310.6898655366885,299.696255358883
1253,225.05011958262554,215.8362633914971,214.46676509393413,213.90996654152377,218.69902537526042,243.86898710886396,277.31445136253933,341.49221951982304,358.7396084839135,332.9352985794343,313.3913742888235,302.0026518503182,287.30014490882905,281.09848506390944,272.97464830832826,276.39015545407153,289.23512366589307,313.31720484305646,332.36573581539136,359.36914926082153,346.4792996467566,315.2493449942521,300.17398997929115,258.9220431522886
1254,190.14749903833555,173.45662346818526,139.7823844818226,126.7600576128157,126.5817416317496,141.18981656715067,223.46792536410922,239.66051119387004,276.15146821967875,279.6137533142279,234.62812815334308,231.6454294431383,205.85027243463418,170.26830350201354,151.61430578214762,159.35673452445116,167.96067093494528,200.53453609689512,257.5725361942932,281.0841797505477,282.9070433312676,267.6186962306051,258.73202312913094,222.05137662193152
1255,22.262915688264343,-27.368250588233764,-113.05981403022088,-149.9695683573392,-197.60185517129025,-134.8893875293577,-26.30017309078761,11.234999341987873,62.254320627271,79.9733032479927,74.38681934146166,98.8542953703417,105.59052588741065,123.96533962498407,119.9973536896598,150.26885621397076,186.37389909698132,223.71213666226808,264.0568993293813,303.672606246783,302.4822555683926,278.8913706814623,288.30249315645005,272.42866021832833
1256,241.5523958572375,226.41730274754534,208.90776477037463,194.8003575727991,176.02908004990377,186.5030382353719,216.61224899403538,256.9057069691199,263.3767988569282,241.09608437759323,192.96337214591645,197.13919746389485,199.6661338977842,190.33505129210306,169.9131147399733,173.97077670932126,192.9714731940257,216.75159604985652,271.6222250547155,311.01343662613306,321.0546888897122,299.96973676848825,287.1696522936654,257.6654865298023
1257,228.19467391663738,215.98905988072363,220.94685616174002,216.71194297234052,212.92026530897337,235.97203509550164,287.0715399449682,354.37971483583743,375.3138273799824,331.5252078232834,294.9182128618645,283.9553547817255,282.51142294418077,286.6344780717492,279.6004434803826,285.2903649379564,302.20621258805056,320.48554654401073,354.41308169795326,371.33583137922574,363.7639066351116,334.05839258694465,321.0464693777395,303.3903445319047
1258,212.22180809415968,205.34047057254492,207.0761498060352,214.4552515308271,211.21254385732507,220.13438192918213,281.4519604004562,324.7383372758554,340.74749384966134,325.1826548818154,310.0450717763955,314.24165549527254,300.89350744687357,294.8755360195541,288.07743342973595,304.9000041960297,313.8380971361221,342.1173096230546,364.05778868740015,390.92593658061946,389.0440143459695,358.50515372873855,349.3427462609433,336.23856230726875
1259,260.21556365153856,251.0094951178005,250.2038389635218,248.01905117666027,249.8288333292157,272.1548681942974,335.59156195566584,370.50058166318354,387.4953261706429,365.0034796267163,355.4041040711069,361.31870066200275,336.0994205634413,327.24527126654084,318.4825099678488,316.5380500389422,317.7154559797639,338.25399718391867,361.2347502825702,379.58159260490123,371.23986733814104,355.0870173929052,330.1094812629102,314.1262475144269
1260,273.39536291857564,271.055666519621,260.77308503965327,267.87739770633436,270.6716088756468,274.17029780401174,355.0829419661406,431.4687058338953,491.5033842872956,418.9524369821156,358.2203696269866,343.3343478103307,318.9456361420559,305.5278870530322,297.46515284051804,282.3649527827159,282.380880670028,300.8982467343223,349.8948401527639,365.39387275843774,377.0041631585988,331.80342159231174,318.2263112059613,285.40278020716767
1261,240.54507936291907,221.0961865233355,205.19490507856472,184.02299977809508,178.20707628829135,184.2367485502233,226.05712973772634,238.50250204862772,217.75042461458403,205.52159346747217,170.7060413483973,189.84527839571618,163.778968423828,147.56898108467365,139.4381824896654,164.8730604426624,171.34656260165025,190.31923337983474,266.14297588960716,334.36399372594394,363.7274808336074,321.12070277061605,304.0550631852626,264.3185580335085
1262,199.38135745280073,165.50267354532633,142.99524153816213,129.28969708890097,117.73690580641991,121.81665810426145,140.6804038222521,170.8130116277547,205.91731784383114,201.1494348792387,184.53933370644737,194.30190815925508,196.47889774168846,188.6833251800467,181.3085038182518,199.11687681021888,228.01249878826383,269.4384495238156,319.81958304260263,358.36433153785015,350.7427161806509,327.5475832087187,305.59453656575187,287.13307729147226
1263,278.50031763281174,263.0354855128628,260.7976237029883,256.3447217889909,254.20366267415497,277.79385938936355,331.73643983566643,381.10735808080733,387.3309260812146,351.2178785686154,333.3598756853296,329.951952460032,328.2744830805819,325.64336034479396,320.62611231951144,325.94098522507164,327.79210059811237,336.1590077252283,356.28806398171065,366.78591233086877,363.6661329667723,337.37181399757924,321.7880579755469,285.21474784414727
1264,224.58169286009826,220.4335583366126,202.78548801607627,188.97697516500716,180.89414433231184,210.58824001481656,311.3360244401853,375.59578833534533,410.59530403122073,372.8141516389956,346.7145729783002,339.95226093715286,313.90782806156125,312.129557724461,307.82647229841905,307.53616662843535,315.2427897618354,345.24609727769035,375.569062281997,393.87065896211743,399.53640663526636,358.2316781198393,319.9711137763146,285.8515279056102
1265,242.07927042155404,239.56996337964222,238.08377893280425,242.61026765956194,241.83155680544917,243.59821347882826,318.5258802929803,387.1667735951535,432.8624446341743,401.71944868806935,366.3343514427559,357.81725199841094,335.9692858085127,330.3772703586121,314.0944981270344,303.6471227713214,313.13011613906986,334.7720341725394,378.28942857220636,419.68893641088755,442.52678204840754,373.86016959687623,340.91315001976227,330.6079379947592
1266,235.46123417418966,234.52056556826233,234.65011921096254,240.51490012756406,243.49692289240454,260.4734017655933,315.0835745285028,374.09448671315164,384.6453923070153,338.55090876207703,312.8125621991354,306.7429160386895,289.01625949431343,287.1492306167447,283.5587601416498,287.7631579044677,293.34617357230667,316.7268595490077,362.74286231917984,430.31911342971904,446.6263439453943,397.5216335301791,353.06824279849627,322.8960090570936
1267,277.1525206697158,270.41474942814176,268.2675183656267,265.39902859905305,268.56708931713615,272.2721721379172,317.27764267986345,387.0411653660846,407.64383872989555,358.6087768040695,322.28311479860065,311.6675975933732,286.5604277304135,276.089226789819,274.8998132371114,273.4430382035386,280.638199711767,322.6789328428814,358.97892909664705,379.7293620757359,372.5279985684462,338.75661234994976,320.0632420394238,292.7782932877935
1268,220.6662262433218,210.21467058251625,203.21957936073193,201.40982666093745,199.67388280910086,195.64372268969782,202.98599621794835,237.4905687086061,260.8559468148916,251.90879454740457,255.01235667069184,246.92966210021638,230.09343788377456,219.0227545468211,208.36672750258452,211.42325807447168,225.3294691818537,251.2506602245099,274.75728214102895,299.59010514313013,312.8133695341003,297.0579873800088,297.06215154658463,280.95284149840796
1269,218.5833993953275,207.1707508300739,188.75066394051225,181.44129259421973,170.0719220765649,173.19676212362464,182.0784756983538,225.45793431846596,242.89735143264278,235.91278672839314,226.83063324063056,223.1058131083829,217.48844060403812,201.60305655108422,192.3759612996799,195.23144564193046,211.06735595867113,237.79153061541822,280.9987397064667,319.82751419537897,321.03595762639293,317.93226577462156,295.6629946815141,271.5738532083457
1270,204.0221332090634,184.17126943789083,181.8013652952825,181.4195489096744,178.17179383589723,216.8056116080454,300.89131817556023,355.12336948531913,358.55055512271827,315.9930772815834,296.29227666764433,289.06691334515773,285.12923589347014,280.12407445230195,279.0441968240556,280.58785256413046,282.2403003654306,310.59469270500387,326.6037850864665,356.29381891968075,344.331421015167,316.74814519609515,282.30499793706997,214.57672279957222
1271,192.856200514781,203.14838765022503,192.35257387017495,188.62319035042404,186.73232196222057,207.89719020027718,295.41826751635443,364.71484187130426,384.98120154281327,342.81032435667134,312.2747167705878,307.4509063470678,294.8125476667829,292.2553146968269,287.2158853766125,293.4987881891006,312.12155735927297,334.70096785680227,368.9631237450631,407.09596368005117,405.08742373201454,344.6436511345626,315.19171476563,280.471061576411
1272,206.06526018217545,206.87481839441324,192.7065650633561,192.6433208787251,193.33266032672967,221.90803602959946,289.77598981806534,384.7268297243495,431.2637022697053,375.3128271701513,334.1870367339624,318.0160234007069,287.56956814785565,281.904723720855,270.73850885435354,266.8213948099095,266.6850863044564,296.95473784557896,336.2022362037982,367.699343437904,371.98438817861177,317.8971016966462,269.4367912662402,235.34558229904627
1273,89.51230320188432,79.99922067395138,92.90744050748873,111.33348251391288,114.45717242625813,151.11064002414403,261.53815107260226,297.09223797245477,313.14602700269654,279.529102122351,251.80903811747572,261.78108657531374,248.41240835477845,236.43124127621644,238.71455599199675,249.6045788849381,255.4251432781718,299.7739190427971,341.11482788190085,369.3845524288673,379.6818624373225,369.7892582987542,316.8565752035986,291.5412933332091
1274,213.2724291580222,205.97604889524197,199.1280894364509,201.17156241408742,200.65530754754073,225.29934224459782,292.62832375689806,356.2866245303819,372.3558369858583,338.8319923534961,315.8075113112069,301.4382601585468,273.8098503651465,262.1121339419125,257.0106599739541,254.58170193182053,268.11016970150484,298.7425342070888,336.0358320399895,353.01836725784824,353.8347707442004,323.09292578740735,295.48595607416985,276.97419500499916
1275,263.8267187170441,257.05233733758075,251.08914669671836,242.45526781414938,231.82758163668498,219.95017926048766,254.6163530505811,284.0096073709857,302.46227608428046,278.9145838819701,255.76845833281166,245.46171185681686,236.252079613411,226.70195928030066,224.42199501426745,226.36891556384944,240.1749633260431,285.62145766525464,322.0024939839424,349.4017428860533,355.79764267938094,321.4501336146596,311.1781211355081,275.9726639844143
1276,250.59290279113975,240.44159746602972,222.80595247147232,211.99328865374923,197.57628664435748,197.04832172938626,224.76875461405197,274.719393927426,285.8018477641335,249.238506347603,212.25842390187609,212.34351028776956,198.16693117265015,173.55627416244062,144.7123508461042,141.8133484339387,151.36747256146705,198.90218915286172,252.48970389841554,289.1958888163666,309.2434211405381,282.93531984575293,267.4979573070366,222.60914037278764
1277,165.89660080034992,128.79098541502137,130.16645146990427,136.70801644351175,139.68845944770845,173.7426168970471,271.45373896000217,321.8782993373809,303.1495766147216,268.14511158250025,252.29938499055402,252.43996959845597,241.42435261845048,224.65150828838728,229.65551143418915,225.2649542045022,215.10269798684823,234.66510754249617,258.0236198686286,321.91451624166274,307.4531468642968,271.37165025659556,214.46932120644084,155.28358980303037
1278,183.2362523102228,173.55503488561513,169.22832995394037,160.47101412280705,158.70140253181142,164.1306519125598,232.12549458448763,268.5407080162638,273.9441534585096,246.98470677614628,230.06312402823443,227.00677992876138,222.29218536740245,208.83542810045864,193.9633443735383,192.18397459425674,204.65588787705576,247.72204311851,280.8866116994882,316.7841224428693,295.38007075571335,271.8532872807566,182.71683980159054,173.93749407043174
1279,190.9806303428972,169.93863731026903,168.3702555920624,169.61071276227247,170.83641838975805,181.33364720540447,248.09469467360458,303.8575967969711,311.80417868927964,288.62815067237494,246.33295534419815,243.1416923337086,226.81471938688856,219.70682086026414,209.98457655588464,205.06171946449246,214.76277651091135,218.02304770741847,214.33710976855727,221.3583253913856,219.98372088385628,191.80983690384028,204.65452286063777,184.38705050261188
1280,177.10035848548836,160.91992931011237,169.15923931893673,171.54367194593533,177.1041072816373,194.93392456914847,242.28139665052834,263.9546361392021,247.52125497895247,210.41002259868262,221.30166981747533,224.93362193935496,211.33744156015166,213.34867316978836,209.0694837469722,222.82817788474574,228.88947672156866,220.86113301016826,210.19238183758742,275.67315038935493,265.3305227031471,216.5372176849653,182.724534828113,169.5540721461084
1281,193.3021677063232,181.62288462115276,174.02596322614292,164.06125831451527,173.5140960714142,187.1473184035736,263.09243504666205,313.46253252461804,320.28241751316,295.64258193443135,275.6669318052368,253.95292443147943,229.89787469156437,218.70826463199262,217.33253258709473,211.03674026135408,226.2811954342101,243.51937692883573,272.74011741647723,301.79354006869687,290.2949340097741,264.7229699608453,239.96669815197424,209.13677993932595
1282,193.57552893932774,175.44742773632913,168.01825575587128,165.71459411137351,161.2760056282204,154.0790824049363,161.6774275481757,194.76585014493497,196.09711027482984,203.79503408173343,179.18321687397454,173.3308660630392,164.13891064673,145.52097901037507,127.1718754281504,130.69665774229708,140.4291584019421,155.07224816474636,168.2084513500387,214.9397629900667,220.81609470809133,198.23306596626105,134.41668924707946,105.43255019457692
1283,187.65914708653963,162.6639259715397,129.58399283670624,110.43028873196923,89.38077755610198,104.4035614405789,91.93000852044332,79.79743283576869,72.73667846302004,119.53568121521391,134.56873177776492,149.8482306477454,154.55563608349837,148.50021256372924,125.55541214041054,98.92285612345091,106.33899661066926,148.24157861670074,174.8472689723041,204.17543686221134,216.53092580075258,217.87325169957495,234.15763792123067,208.18871060263842
1284,203.6442505902738,178.02008243643996,172.71645575212045,163.45803741483468,165.22176261543297,195.83992634261975,263.37708750433023,300.96739559549246,301.44588282430254,284.602866737271,279.4985014129416,276.86600994077435,276.32097129524124,266.37817844645224,263.91288911720454,261.37722887171844,256.1503130889365,263.68746809572184,270.9861146624555,296.31720923370386,291.6003796919762,273.7665592786592,245.83746845422428,199.13143714670494
1285,221.48564565353337,219.38359018012778,218.2357565088831,215.72769588888667,213.8227058531972,211.05351674031036,255.6575339986263,297.7690162421521,300.81543217160834,283.07197354741413,272.0912032498582,279.24198154654243,263.9249550612784,250.9342169620586,246.87770998755744,252.5837192283231,256.5989388846506,273.39993355736954,290.23073599703645,305.30433799736653,284.22714037668345,268.2220497962817,246.75435951303575,238.55005221599808
1286,254.9534444122464,248.64724722804883,245.32975681941488,245.5525525824453,242.76206633009141,241.414139188104,278.13776251446825,317.7561925685916,323.10547363987445,298.98478760233655,288.4004179688898,288.13735008709557,269.0871811281463,259.2157744451884,253.7870053879202,249.12583887981253,255.60537971666474,268.0038904197784,297.99559636943223,323.0614243399803,320.61152846866486,294.67936293955495,292.06973823712997,267.25459214631996
1287,280.089107981498,271.2380398174382,277.3219224035544,281.1049708632388,280.90809130172227,279.33557719587566,308.9847327679934,341.9734544899902,349.37770570580045,312.60690468301044,300.77155974401586,300.74755602880873,293.02432151524806,285.31466404525185,280.9843494927374,279.7073645556733,285.5152991537389,304.73217470647893,333.0219828374191,374.9967595332049,370.08192066567943,344.06728679887885,339.4142837568087,314.21201198545486
1288,283.26250383051126,279.2963687003375,277.0732170463119,276.61176345326095,278.5596987971004,274.4299639241293,316.3296253763094,368.6622985891847,381.5600963682838,356.46438016348657,336.5159604611434,332.36798993656294,312.5147045076505,301.4933790405001,286.6329001108685,280.4387219889032,287.82354019395814,314.85595717642843,338.32855800988733,360.3850468137329,352.1558078675372,327.2931482461959,327.3292680625041,301.45862584495444
1289,281.90455429069914,271.23794156298703,263.5000586148816,255.51381841458036,251.18385731178384,237.08462510545687,262.241816903728,281.0139898521262,299.5309830541675,296.2841067729632,289.9297638728618,291.18545744454286,270.3083584937847,250.25295727572413,254.06331344510212,249.68390515930253,251.14942522125818,276.1401180694645,308.96639146413753,330.61480534181874,328.8111360889808,307.4362148027897,298.7998058775961,273.66525355083354
1290,264.22752347739754,254.24991313063794,239.56748957881592,230.1094195496079,223.29297976018623,218.22562751009463,227.01005931098433,258.3018011265157,269.8236213587674,272.8309247129917,268.64391474748356,271.23939075449044,260.90098769007096,251.65682644788632,248.13624207850802,240.75044153123292,245.50551603210357,260.26836834998204,296.43081577801064,322.04543065858854,314.23443840924057,303.03212161154545,299.2480048864967,277.5232862883325
1291,262.63369150799497,248.616797149406,244.35706820759123,239.34517834007394,235.31478573109723,249.15915655819126,301.96212654748433,339.22341575301016,337.1764250866307,313.28944699295636,305.95353483870537,309.0328956219735,294.40666029538596,275.7602212732317,280.1258189492523,279.1094229667426,272.8708151939803,280.011644803279,285.9855041228821,315.0720798930152,299.57687164036406,280.6647060771657,272.5380430641958,244.54857804957757
1292,262.1300146519136,260.7650108188425,260.9746863826751,256.5126317007085,252.13312366210067,244.27020216673236,296.6271588400909,345.5028563818779,358.54162778184474,335.79069047074194,321.8783170523765,313.73477083052353,288.51101189981614,279.67749258512816,284.2072924605392,285.0662226136299,286.1272465248347,300.4505240459891,328.6261853869555,355.3802234962609,343.11320934242497,326.83096830222314,295.3804563562867,279.3764689723868
1293,304.32547611686937,295.49813038330694,293.2372299688059,293.39162525879084,290.98813536097026,280.9448482810874,317.0035596611134,362.9232342631297,378.69271918229873,354.97828163268525,343.7834786008781,341.1618153586895,313.2218926681759,300.89989087436044,300.1624059688137,294.62729131511867,293.84594302445316,314.8352466397185,347.8637357914102,379.45147026570504,379.44771958854807,352.3239533237559,331.05499457865596,312.4452613387341
1294,305.694130784302,293.63870429922645,299.6816382064685,300.4761151039647,304.0837212087838,299.36583745114876,331.1211062570972,371.174979705097,386.9218363751996,371.48902845785847,362.2698438552325,357.41975190206557,336.333310402046,318.60712660449343,314.74337632194147,310.24777242416366,306.2224917142779,332.4690097155319,355.9264122285625,390.0624304259966,386.87744293299545,360.8385997949535,341.95179321876645,323.19194640630906
1295,304.2939270019042,295.81182319122706,290.00055043478295,285.0942302139044,288.11706517372033,282.11792426500074,336.0485263180376,382.7629197120996,405.25047272550836,387.3145566878827,360.0965228783164,343.485596377507,306.6238893051785,290.0733169204371,294.73001365360284,291.8564797315492,294.16373042678396,331.58079273099935,360.51154987074347,384.4522336175206,378.9661652080058,351.7322023323435,334.74456719621435,317.354528493839
1296,301.78349389772893,284.8169419852994,276.2352482092209,268.24123984055046,263.25189796357444,249.40355582923473,265.53156451294194,287.1873448669887,298.4078032026188,297.07367355508813,293.0972111419518,288.3826206353762,272.76931199745263,247.89109528273409,248.06157824571022,242.96581350769117,232.36758061086707,261.67718867760146,282.0548231293957,305.6553143150674,308.71058207403445,300.508780970341,311.92385605370055,293.0135131350171
1297,263.2612528244902,251.51192885479847,236.34724314682205,228.31118192046077,215.8834895682761,216.42125677850254,225.59345631674523,243.97758317805472,253.25109498898638,254.25842014525824,245.69133796693131,244.52032669107757,227.34108571642378,208.78191136945966,208.0586627222054,208.61063071772605,205.01578175240746,217.71848336739174,225.57658659504455,258.9953279306691,272.05601272203955,279.1214050102808,288.9261567011538,276.0683942047491
1298,261.79361984239205,246.9821303156651,243.7138022718343,234.95183258543662,233.38792190745943,255.54161613728832,305.32876202321165,354.8555241454651,357.01603315993697,337.67429280565386,326.734426654117,315.87066462888833,298.1081642776894,289.2592859293294,295.9735112610702,294.3877223656319,286.3049609635698,303.68572207050966,318.55476500096563,342.70267370201094,335.89570194117766,316.97861858339377,295.03334795465105,266.542687100481
1299,267.71127249035476,263.8989963319074,260.4404742967625,256.39093066868276,253.39523896463834,253.90767013543874,303.42309364476637,349.797130957191,369.5024226396651,356.6201653736964,341.87829261655077,330.91145299925216,302.9695032246329,296.1525764807713,296.44142666001454,298.2193009828966,302.79332440210754,333.7249960370728,359.21101955445334,383.9057347727906,369.8269676242935,351.47596333044487,316.36799042284315,302.92323586434077
1300,310.8897101559858,303.4761400894786,299.2983521098489,299.5559755067395,293.62428134154135,291.1132968306453,330.99791170938624,387.8400094308568,400.5524293633368,376.9401052735454,361.3444426376541,350.7080432665428,324.53629335975074,314.9133820582951,311.18266579887194,308.31111908571853,312.57352563573113,348.0824672708319,378.2555724639311,395.9358092931501,401.10963887833253,370.96496698352314,336.83635020995916,303.652835683778
1301,313.2123867209336,298.323925661608,289.9518709559093,288.08950201594655,282.4828169721854,284.72721176929286,328.1457581063853,372.676920227415,388.3845657655335,366.02833039841755,345.3497155847712,333.11058920972306,319.1750713064885,305.514289410813,306.9334730313627,308.504754099424,308.17380904767936,351.740836802634,374.86513069771354,409.87541416192784,414.8407351901253,392.27404745130065,368.8432052347149,342.91866750532245
1302,295.7062786885879,290.4202526177069,281.0488747406358,274.67706565489834,276.09073614341764,284.49225437458574,334.3059079266172,401.8520773646113,412.63840534674,390.4394656561777,366.54831088575474,353.4705588098987,324.4325550869846,305.72277608352834,304.03851040695235,304.5792244857336,307.5625685807016,349.0166275465522,370.49998709362916,380.9015528323659,368.0710771659771,348.38029812506414,321.0538381265904,292.448640942088
1303,263.2635726247357,249.16188053685275,234.96073172174897,223.29815664385822,215.12349750547008,202.77000115023702,220.7842740072083,236.80511853174343,250.0877384892231,269.06016566157075,269.8011387677048,261.15320028985764,220.49258485817546,202.64249317199483,214.3680106486799,221.94942931992705,220.32087129808838,253.09286964418692,253.21263802575967,252.494714127649,253.84599435482465,241.55726221230807,267.09148530602204,231.85818355825407
1304,242.6747417451164,230.5325130773761,214.80379562864292,204.72656304367112,192.28648913409268,196.38468349803537,204.18303762360912,213.8798864749985,222.4026807616364,244.63060350453753,244.25836503100538,248.38722334084193,240.8460512357608,233.899181345,212.79201112140044,214.07081545487986,221.29416127298236,248.32731458276942,262.5271887977034,294.1255569249458,307.55044847820074,292.19830600544867,300.5722136202758,275.77779451156704
1305,263.85254560539687,245.5613510843062,239.75505058096653,234.75863884970536,237.1772194924124,251.30811849000958,308.5304632358943,356.5114366341951,362.2577472392858,347.5794050579161,338.8460869104183,329.9027553328136,319.5796489331585,319.2203276402242,319.01088766001294,316.553788315049,316.43911660868,339.35573262260624,355.7470762690704,360.1347103967093,353.73337388937665,342.78961630468507,331.69370582942594,305.20753748188923
1306,306.02350263575215,299.4911875002804,297.40134823216806,293.99914438013855,290.8830195209754,291.83552864105405,331.1389548660743,395.9539532099774,412.54827432664894,389.8059902594397,364.81600199421695,355.5566143960389,339.6889643773227,332.36283997647905,330.85832511048653,327.36848574075253,330.79426424939425,367.3853348810978,401.6314715380336,438.6579090297502,434.9754473328525,398.9514441930947,347.5921421357619,303.8899715938144
1307,273.3325113577321,267.5897413355264,261.2998135218573,258.7123305678132,261.19558253634796,270.230675453473,320.9675261812161,370.97862806319824,384.12342080951373,383.0951057756204,357.52970366655734,335.5602075314575,307.6177383720568,296.3679075614394,301.2372876744776,300.20996167342474,303.5677824478901,329.3214574277638,355.39579023152714,375.340344703207,370.0876635669801,349.12834353755994,332.1783362894756,301.27859805061036
1308,287.3027866477882,277.58887961673116,269.57530638065066,268.59429070431315,269.87018778215645,283.8224338519689,330.37808767906915,400.20752056061104,412.12770705795765,403.6820241691839,372.1676305382586,359.6881785430686,336.91221724754445,327.0842037004718,325.4678466730599,323.3514124715743,321.03471943936984,359.3764481800623,395.3095825219501,450.6600561766088,459.1506756003118,414.85402345023715,361.4229325394166,310.2385038283111
1309,305.41247823081727,300.0128631304619,295.1975861675506,288.24211546280253,290.08303781246275,295.2711075403865,333.9513052117559,399.0899715127971,415.5858762550715,390.8469189506768,359.1039932754027,343.39528011045525,310.9873531390552,301.4816337241179,303.5268290955335,298.3769240117439,300.4959968236159,354.81192870489406,401.4008880777779,424.821452240653,419.95917246091494,389.95306355002595,359.3548280997177,317.5209156061492
1310,293.3632861172994,276.78362180870585,269.95277077675786,264.5524080926774,260.06660583971495,255.19851611038015,265.26291008666794,277.3711291519534,292.72924066250016,302.0894428111911,298.6836120192231,290.34940729613663,280.7482205272401,274.0642354571224,265.3966087250429,266.65509489888694,272.8937998850341,294.689779442092,318.2560967780351,328.6983557112263,325.6126580223855,312.35464407897797,313.6588133424609,296.0202760514048
1311,280.8336127163449,270.9485806821783,261.04377980980155,254.9466203054862,249.87929736409322,248.4977375377301,246.46660350847395,276.53335023892004,287.42474820041116,290.6115559999316,288.62214788044434,286.5413742187575,282.09727440173987,277.8486506820953,270.81483223511225,269.37421638728347,275.81853334698053,288.5334932907122,304.7925792077147,326.43382607039644,327.90998405140573,320.54800792011997,317.76296378959375,298.46618645594685
1312,298.96989131697705,281.71343699355475,278.0330425267934,275.05270312021986,274.0922137578756,289.8063081846053,330.4855776486081,393.3476203339705,405.0185012231063,378.2574286927385,364.22874909186845,357.12066007676856,353.46753186128234,345.1914333020576,354.50006125464546,353.121958138985,342.05325828143845,352.63021519944226,366.7501098384679,390.9242525290763,383.5969484396767,367.4028272801718,341.16682368772763,299.7175514181465
1313,287.84351954521793,285.0478118765324,278.56468697316217,273.20974942344395,269.7165560530793,275.267526327326,332.18537422387425,383.2388594563071,397.8114687636534,385.58846811373036,365.0201135263951,346.4743831364796,319.4699234106885,319.079710926704,310.03961789674946,316.474964703595,320.9104486447446,342.954001007111,381.01856466119676,405.0897776572725,406.3078909731711,378.8714270165896,349.52521166273846,315.50695587536404
1314,296.2520554936423,291.25553083469356,285.7938886296821,285.81996143256185,287.5561868976331,291.9137529459728,321.61619389391257,387.8152133240639,405.65203136912635,390.28263444889626,354.97935799955036,346.56617737664817,323.99337362406686,315.84369455827454,312.7251361847739,314.27949740365,320.15857549050907,344.0572052474281,374.9783343361294,389.6375108742423,398.2067072702571,383.5039437407003,359.4730483787532,310.83668634067584
1315,273.0068170757625,260.8659644667999,258.6120474490374,258.98610803458985,266.0422150768416,280.896669706592,310.7664977362524,345.4533750769821,344.7115416549583,322.23723976948537,317.95381958542237,313.6208120550362,303.10526336288,301.2734738312881,292.64380311203735,295.1248751370333,294.092605221912,307.9525919566382,324.7337383255308,333.6936341715231,325.8512988771418,311.08142863570424,292.38089787969074,267.5026612095699
1316,274.16491555204067,264.24630233799587,258.5082311804845,255.0745957182388,261.65542277553436,274.92618328380007,319.57779720408433,365.04344473493103,372.5994467384573,364.5291652620157,350.89046487342654,333.29885026019485,313.67376193511893,307.9516622160638,304.8434669088999,306.5210331541706,312.35507421533055,327.64336305455066,344.3068827691212,354.1891456063957,342.98078648937206,314.74825097778654,292.8891051011246,263.29212498064834
1317,249.18763077670354,233.27843728296,215.97556371223556,203.03801903975028,193.0845173505802,202.33433497297108,211.63353323973325,229.23529282352155,237.2417282162846,252.2317537975211,247.24310582270311,245.25534342903848,237.5556889450486,229.6507371969854,230.63386274231857,231.17962064828646,231.36523315140417,233.46898169761064,248.38193089832657,265.65608273255737,263.4668462165969,245.13930775079177,214.33088501921947,202.57079320860606
1318,237.26501508332555,222.8169233802563,204.4813452656287,187.37476702151199,171.6529508006126,183.98385908422458,184.3035463970301,186.69017416041302,202.21809463384886,233.08008822471976,239.21684965700285,240.93159465661458,239.67037661221417,232.2847471330556,234.16164850764525,237.26637397142886,243.40784200475883,244.627544604447,264.4511860186136,301.1622257786811,319.03578227898237,315.9108002609774,305.11109581474386,287.6209415558199
1319,248.48908146032002,226.96032940852115,217.26905100745643,215.94786584765416,220.30552521835853,251.1133072341214,315.3420296078575,359.2115447241053,358.6024136509915,343.0869451684896,331.1352424753993,317.8279771726531,303.7147388152915,300.97463457033814,300.81199292155566,304.5577947696364,304.0904196792604,321.43402754476784,343.80507394315623,363.1357136738274,361.4968268621025,349.2482535825213,318.80889869052186,291.622182045671
1320,256.60698125467565,257.9878027987977,252.49972955521702,246.99278920120005,246.32402418650713,264.3874087834116,312.059641795285,376.976083964054,378.3996353761821,345.00348807415054,321.45815029214475,314.43020275072763,304.9402239793982,301.3039551434188,296.398597142206,294.68308643581315,299.08075135456295,336.404768397804,384.9822651387782,411.2663379358793,398.4656444651033,359.8634150075272,317.0646722220772,280.51995178225746
1321,263.83917983394724,259.9241097710741,252.22516786812082,252.2840240037728,255.8670495888024,272.64991628576007,316.88570826987853,376.4670779394992,377.3136972131147,344.49155074150764,326.10856944417606,316.1703555218615,303.289720722338,300.71826746789236,292.6545868216874,289.7751550737255,294.98873443680475,322.2855286213145,350.7169546688445,362.75402412849314,362.42927449950605,350.35913809679437,335.4283099845742,296.82311923026526
1322,243.23047945258435,237.52252133737824,223.88319054489523,217.83010818678792,222.70572513611347,246.6659529814341,290.6971027539513,356.7396126869766,348.01569681148754,294.2601022224635,280.0330507195816,272.81044295572156,263.13167782429474,260.28917883869553,263.7965218117671,270.9321323131351,275.133824309705,301.1469345067681,341.1590457715226,379.77005518558093,379.827186025066,352.52494421451576,321.9899576063296,285.7361315021947
1323,246.4718804134211,238.55612228830438,237.05338040009124,237.34531897580266,241.4036449249676,259.7939619514929,307.4827284217591,361.83551086548636,366.6700092217448,336.60555755360224,315.9436321467727,302.6735121508169,288.33025352928087,281.5085857245812,275.9743239118173,275.97558409030887,285.0807229723881,305.85902495740817,340.159209755555,355.70914037490866,347.8211670495316,335.4582878861068,317.96151764237544,299.0642313124116
1324,233.46492426577606,221.39750441814567,198.746411361576,179.23549977897167,168.58429566799663,158.78221875933113,164.07012647212895,212.74361393066386,224.13340363519376,217.2704207180268,208.96857961024148,208.17303722708886,209.93642551424915,206.5644808971192,205.7945250380708,214.09285915349955,219.94571771844187,235.13395354002097,281.62551500114046,302.92226617067143,317.8802786010949,298.62661410566295,285.58068713793824,262.84650422583854
1325,218.6277709426058,203.01185499814645,192.51311597014598,185.4946390954713,180.46140290387223,182.26995304845116,210.63668362221898,240.6067838992654,263.0609288088071,257.68776768704095,253.69899948048123,253.4831307194118,249.969126914716,250.24298778250977,243.4874391222742,242.62371869828206,253.5197261977437,274.2885238197149,315.8597063058961,348.4894646380355,336.5735924963272,315.4747736033226,297.93874725782615,268.3761325921428
1326,246.03170177695213,234.13602327553613,233.62378923944942,234.0969645383756,236.6768449698601,258.48304439538754,306.70074414708233,363.1714217981776,346.33159491729333,319.7570311726294,310.50216243281614,301.5784912257789,294.81658744886636,293.8663738614546,292.7070575867956,292.4168515480658,294.6724900898583,316.53969314741335,340.87525072086424,349.92418209086395,348.8886084027382,333.58399775588873,300.8924432728642,261.7999328934997
1327,243.23912618913096,239.97775465045177,232.2362630153975,232.59389148610134,231.75482925790976,253.6860030175381,305.7700237562405,370.11681896961966,371.7674470463164,321.7467378292277,300.0027617087981,295.14309339548697,288.48091970771685,291.914475377578,287.03734617698206,290.5209224340772,296.2921427394069,314.5107518915283,347.7725989489486,389.8964761443041,396.93438359101515,364.58350514326355,327.70860993139434,285.62602036688315
1328,254.67812699193126,247.34346841310122,241.63852993339623,240.39027236916394,248.92643112433703,266.9333045072976,304.2936903034043,374.65043777732194,376.03065081045025,336.612825365124,315.71643428809443,308.8394859313624,299.68932960910985,296.1100360677096,290.16357570657686,288.14262658591844,291.92017897396573,319.5958808502602,364.5696418189406,404.1060277945663,416.14704799056636,377.5616696261897,336.4526352549955,296.2671107974123
1329,255.68242352919575,250.68780435076312,243.84580771084737,240.69428686207186,245.04110206227762,263.3865122561611,308.681338205703,365.6509371146475,359.75846566858013,307.7195103431956,292.36527882019294,289.8148168766572,285.4489779637364,281.9461510996773,279.77013779386965,283.3793689736497,285.2017091437807,318.0562588792309,360.23033232388366,409.3450355897149,417.4758971342093,373.6899559580956,342.31643882002817,299.44419244814753
1330,245.06389997682282,241.05852221825037,233.34505029129332,231.74003269083522,241.28211742447778,259.3445473683434,302.6845001510692,368.5316142244069,370.33113779113353,332.4586439912977,308.4840805514462,298.1373731067681,282.1764012159953,273.55209752734413,268.9439624403617,269.0738594724215,276.2613332479753,304.1021029655385,358.15982893856705,402.5857466034272,392.5453540639372,354.2188287022028,319.9617010331026,288.5613864180962
1331,244.68589062511097,232.59486155349978,220.16383050251724,210.0225887331996,209.77476289584263,209.03085272990444,221.40706130182397,262.11783350360633,263.79989940620334,251.7453362193358,250.18336509102915,252.86152141023803,248.10497994969728,242.999932291456,240.49026206309705,240.28913623888656,247.69509993278888,268.4970185382113,301.7601065409707,327.63007675715903,324.3886565033175,302.4048247743364,276.81741399793316,244.94749373992033
1332,231.39715329573897,220.7762811213342,206.04549365915446,200.70048883291656,194.6093247658464,209.50825909916517,223.30050242458847,255.9099612654633,268.80133630147986,265.8671943615235,262.2099538831068,262.8177435955801,259.5767774540387,254.82277062438231,249.2522535312224,245.8270074161189,254.9192779958797,269.59353136664566,293.19598207327357,314.4984508430846,308.4972104246991,292.58968078427887,279.6622219819725,257.56696209255455
1333,238.9085446989119,229.0019369354217,223.8526359206553,221.48160397502434,224.22527435739275,248.47212709254617,302.71812772678646,369.81358125133863,358.3456795727437,327.531202868219,316.6836804186412,313.48969847395136,308.5669735892377,305.90460422539894,307.50316173879173,307.2688136400231,305.20807601586,314.4524092669604,335.947946450733,364.68353881084226,364.9991628362085,336.72481181540775,303.9830292758036,259.19349381796155
1334,265.5680102842789,264.42842191054893,258.0034058987991,252.515474939215,254.03091953994286,265.8739713213535,332.14774446447814,406.03542134279564,421.32797454619913,370.3200976826113,334.2128352525082,324.5779457385031,310.7665793080618,306.00165687870543,302.4077291644438,302.3059150783369,315.2519353724753,348.95343207378085,376.3464569078177,425.10755992254724,418.8856634294075,379.79721429111765,322.5971303209847,277.54247941606627
1335,269.28892454520593,264.7526553456593,254.76700691865915,252.30612075842086,258.85382824989836,278.6971050512311,327.19230207243436,412.0655496939505,420.0613319747071,369.31666171953816,349.3096999135147,341.74310774134017,326.3301076555524,330.2199889476513,317.2450592461663,309.06764801240575,324.8761670218393,356.3934125950871,394.269590230609,434.59581250406325,432.6008063885523,386.9575580037898,348.3868762612339,298.0826846855485
1336,284.2624020648378,277.56116248896643,268.79505066257957,265.48303482316487,269.8652262210841,289.9997167069184,328.80254034783223,382.7806680294177,382.88304504959643,346.5738751737033,337.87686546449595,335.8969210966866,322.01455752862466,317.88707667598436,316.7001419873389,315.69316638637014,315.67901498447816,336.7066996810993,365.1627633452477,428.0510624889761,439.61800991483483,402.0642340046264,356.7660370833377,304.17028224344426
1337,262.4905750773609,259.6210637733496,254.05643404092626,252.6120198507663,261.72336214689165,277.7922888864462,329.03765791256694,400.0848990818185,407.2772916730893,372.103107286503,345.7218299109039,332.77289770921567,296.2107535441615,282.09188693059417,279.8630136629664,284.3808252344626,293.04220604835507,338.85099942089147,388.85656324978885,434.23435354898925,418.97443831067363,366.3741053089358,334.9596127668467,303.42870841477804
1338,271.84781258843253,256.6675740535114,250.41159690722736,243.09886263965274,246.90430518866475,245.30675360940643,268.0325319000707,277.6504838906125,291.12860853798895,288.9273058287241,279.1512514473446,273.60578317538994,266.5305408685502,262.1256764531236,260.3276393699478,261.8830251228842,266.2631776976793,287.30858138687825,311.18944006917536,328.512802754091,316.9028906250371,290.9886118771773,289.8290226443755,251.89746393497558
1339,232.74807405698462,223.4329851730315,202.59591386047268,198.35217733416152,190.74616945663985,207.83326286673207,217.31788905269372,256.5115575418795,260.9553191265492,260.1340786004431,254.6715497671696,251.5712702025913,245.69780103651547,235.85402369218642,230.42496068122512,225.6871822638322,237.60772693478134,260.881735989189,295.1518003261883,329.82039027928977,331.30506158445536,311.1327907891494,303.02307726526925,267.08964836896024
1340,237.85648239137245,224.49242856120617,214.5722842958507,207.6063599786753,206.46040222244744,231.12200772123134,307.44566884867976,367.8730127180386,373.58421429265854,336.9957818915603,322.54622468232105,311.84862774004097,298.55319760755674,294.9061720673013,295.53624496897453,293.4644373451363,298.0417392983436,319.84111937538563,338.4150852133959,368.3141992308138,360.42948193139426,339.4836145049224,307.14630631204096,266.68021051265225
1341,236.81802730802121,231.54668664201031,220.3238392611803,206.1254908622774,198.72938076633704,214.39800890464727,280.8204067400414,338.93216284836467,350.3359210441825,340.2646167489209,313.5054894814624,299.9534583152265,281.1904116958776,276.6012055098162,280.2528954342305,282.91397873805573,289.429452254351,316.19078134257813,346.03952547047385,381.8252423857149,369.51600179384604,346.98917466845865,301.84490631271825,262.49927312991986
1342,258.6186475086463,252.34829013481456,248.10716483659303,249.1398378501719,252.69297237506893,268.9755269451931,316.13350697933424,379.0716820926747,386.2478015154186,348.67290737987486,326.7608870821466,315.008954221375,296.7865403874178,290.4477585775575,288.1378277948873,287.98430896897145,292.6576459092262,312.89353195771037,340.68863247615536,365.16030225368684,352.1993910305072,317.41021260437475,279.62632443709356,241.08888848460742
1343,226.6004382462047,222.48111585698393,211.69989848626741,211.07513478784279,223.8876137627647,249.93839930743678,297.2092826633898,339.2966813632643,369.2944154642471,357.01109584412046,336.6231327347816,321.18124346207594,278.93391773461406,274.3820656582297,269.8203978702756,268.2719026763603,264.7570667881916,281.49050493128374,297.22599861673024,332.73548121272324,331.94280221588025,313.71000931103885,262.76030104514666,221.6486698858519
1344,211.15874748986556,205.04558419334876,199.85232103603016,200.0424677675519,212.49071598004912,227.82393354999869,300.5416698474014,341.18287941353526,341.6478067000076,315.2069844923948,288.6747055942474,276.5513283145815,254.56539942293645,248.4720594585606,251.86358760349827,255.49970128553758,258.76758033340803,279.9425296396102,299.09288287531683,308.457783825857,300.21610902183244,276.3647105462592,245.22754568593814,232.09830678644437
1345,231.78394431425573,212.15708960464903,199.17848807390126,188.76597167466537,186.6570588831579,182.54172473107306,185.44660884286924,204.636788427981,240.93706899577387,253.66505953889384,256.7625455479838,254.9051157613323,257.6371868043075,256.80997763575795,251.44583138119594,249.10763108243236,254.31251338321906,261.17190564791395,295.1892767935864,326.5664949605556,331.10668159593655,311.63446269795304,293.88669555604656,274.9338506505237
1346,238.4924728402037,228.5313562996232,217.7608048389101,210.9485666976108,206.69667928371166,209.91504909494813,225.83350335651298,257.7582467469946,278.88417858044136,280.4047434356888,277.1032260017536,270.1287587143277,263.8485009634579,257.2865102969304,252.87862430585906,248.46408714088682,257.9535237929421,276.440171297343,311.9984643756164,349.7183938671614,356.81485850159163,335.10778685151587,305.2171189693353,275.2166071224435
1347,265.9741852642185,253.37109788490747,245.9005381667657,242.28201388968992,244.80859324669711,265.43097436414035,322.8392880429038,384.9103023386073,400.4069598355042,370.1919358762791,345.3747816799277,334.83114698459553,321.85590166670903,319.1832109967727,316.4992380760458,312.88480052419595,312.33729119335953,338.092060190152,357.26158650930194,389.09085080314264,375.3351734408674,339.684814223937,298.6855258855186,243.5975090531818
1348,241.46479123854954,240.25687883727704,231.00584679746558,224.66769756059094,224.0042568305046,228.9177672735566,297.2432696101256,350.2518617586006,354.36188163121545,325.9894881250777,302.38944377164336,296.6610605736267,288.06797565673884,285.12370891558663,277.5893247266012,277.0076017458158,277.9107960117205,299.4938101499025,314.3109647129749,336.6658051516155,324.2066494276813,299.17776570644946,260.6833215411034,210.38224055103515
1349,224.42127485348678,223.0400360569188,212.13525801814583,212.7299448636643,222.20618033828035,238.96697891216124,295.498905204485,345.1893040821683,383.32966202972136,363.335907120205,329.0947060189259,309.01482766524634,275.39203322351466,267.2953068987098,268.610000676905,269.49345812034784,267.27549726162977,285.66021482177285,303.6731906007806,306.1814915954964,297.57250859791566,262.69281284212644,248.7438396952142,227.7483758534936
1350,204.1143199125381,201.73718634811738,196.72755631017696,199.25179642837867,209.85771648277293,227.3784353534248,283.796155400153,317.4277016261789,319.77223224141954,293.9074839373428,281.4322409544645,277.3917110505066,268.92908466308944,264.09076142441535,261.7328331939865,265.980084038754,264.00178033670363,270.68508120715006,295.2990022427719,321.3933793792873,321.2820775895383,299.996210068928,286.5538433855335,258.1071106216289
1351,203.618423997364,205.55982023982108,197.78433541692704,193.61323759420839,197.77298594933384,205.2885541441329,290.20428241763346,335.7478873206644,334.58208132396686,311.2167842235808,286.8865503772125,271.545687301815,260.21898010601143,236.01606379075548,222.83711638665648,219.83261129742874,225.9397071870716,259.6976643837608,285.1345403345996,309.62043961654535,302.23925747419634,277.1046419841797,240.66991547815093,219.3717588428276
1352,255.01285811818522,239.40109184731728,229.8097002352568,224.30937631450146,224.00839853289315,223.53930562157603,240.46777141747933,247.16025235013097,267.0548614809022,284.53995430579243,283.593309884832,261.473260831916,256.05265166034474,247.43447464710923,242.91783416168707,243.89245939720146,249.68362995304506,281.49045327789037,309.0723370973371,338.5715420673135,335.41738327671817,306.1644069894776,284.1109764432004,245.46212053642998
1353,193.93469619357472,185.77676329515518,161.05783166651116,146.3916133229305,121.75453198946039,109.83989873743872,122.7074043886378,158.88501603399496,177.88960533133016,211.7837013444344,190.7493947490269,190.64651504504758,188.90912083800885,181.66976457933407,178.41041612556674,175.5187074142097,182.0937844726529,213.14945543370112,233.54748046561303,263.9753899103282,278.9757303209844,239.88279842046893,237.3430211828721,208.095561953718
1354,169.15273669132043,150.45366218796084,138.92664720473613,138.52833277937611,138.28584707481548,176.5136575777337,274.8813750000088,325.5429798246392,336.44725701644666,310.2972912893634,280.1414335704802,272.9633061258425,263.3599143841994,254.70115213287355,257.0967997397566,257.23516797249033,255.7016699859512,278.66867295779355,288.4200763908783,316.60415937395726,311.1020837049637,283.1261651098008,256.23504102444724,204.85159982224872
1355,197.250269101175,194.58123796663315,181.1692819896472,177.24329505930314,171.40623607179657,206.26033444460074,272.5321999981617,317.66484255841976,328.6758178876035,293.369787464699,270.0280840605658,247.3231085335105,245.206772077929,244.90027896275342,234.76552929010444,230.36325851702395,255.71311593740654,276.6552238510238,310.89413832710477,331.47167818974793,334.0346379787574,303.01162094058867,268.07784666857265,216.50317435194773
1356,196.9735344339061,193.25130544573088,186.329529491397,183.1893006886032,185.11041008872996,225.13097021225056,278.32733295116395,337.53730211173956,335.6527698225119,304.4314711922064,270.866987762096,265.77006239243843,256.3445741946734,252.85330754200072,242.91179740165933,229.2140857221375,243.19869749310823,258.99254526402,292.3070607697123,311.37124858886426,310.42877680139475,296.4809265935231,274.51363273824984,237.28345529855292
1357,243.71915686353267,235.9164129962997,228.8177820928949,229.45791173897933,235.86094398391998,254.51534382590634,307.8404266368957,365.7361583706488,386.07484992995194,348.9026264811267,315.9840074030351,309.82615331514364,299.6708091307737,285.5282088862952,277.33263303226124,275.271089289482,279.69191657810876,303.90818914513943,337.5671731070833,384.8432166281965,389.1430076712011,350.010033289902,317.3412210330217,269.18428610925446
1358,255.19919670394142,249.18634858077274,241.07030985855553,240.3486827797766,248.45482117007128,263.7898597835956,344.44857436905863,392.3073667958689,400.5772053844536,365.4780838348662,339.47239176464785,298.53573002471444,276.0945986964959,265.1791010485464,258.5729561028318,257.0576965762654,265.35274372888915,314.64023231919276,356.03690988997624,390.4134181413508,374.4868934964519,336.2093192690511,307.67472376608856,271.0886149006036
1359,233.25789006476245,222.84633317501377,213.69603396835848,204.278617143378,204.56617554365283,208.8996710337023,242.41800556739838,270.9674687149121,299.6925461922889,300.72542206099627,272.39423583394296,258.9780063886408,243.4716847517451,234.95961380413314,232.89293919901584,238.05522641870846,249.86470227435834,283.7764208604687,323.2206890614526,368.1676577701201,355.34860823603,322.11317863154227,292.6107365119412,252.92035053517827
1360,226.8591320271135,214.75805292155843,200.34133509009996,194.5156668198383,192.74961973961658,196.03793934855275,222.61369233706165,266.33452228179755,271.04793859601534,249.8899396034198,228.03455515525388,237.90567252397295,227.3514593419055,218.83985398561825,211.17198786852293,209.20071187633567,228.81390394818527,265.255046114093,294.8414822174306,303.85924313487965,284.1640546331417,256.18835228346137,237.94022087271478,196.46617608498013
1361,219.25303246950125,207.65972568329647,199.95471461686572,197.38411577241595,202.68682270006514,219.84896605296007,272.33114044250186,324.12602204128376,334.31754064486347,308.3555669753295,302.5485646927975,283.1512973961721,276.94488002090634,271.18075204054253,269.1257521399843,265.6777185986706,287.5265887483836,292.13917326986336,318.6159256831308,340.55663356427755,322.58500841560544,297.4742658556061,272.71084803805803,234.04231795699528
1362,241.90798084779792,239.77649262026023,234.2842463208778,234.1607220200113,236.7659502289516,254.6885466905608,318.52469224769663,389.11766886862006,410.4776646199661,369.37720814537545,325.676529564244,318.40335548907444,304.39791376542803,305.1379831730735,294.9406612470528,275.48665804187476,304.2703623451632,340.60794706952913,383.2645923098843,432.4253648499487,421.15207521539594,370.3109509324114,319.735945395974,268.045677508434
1363,248.34975568864652,245.3674086581541,239.02663962301787,240.21031358601115,244.53849167721822,262.8329342558757,338.2112236285484,419.2961095136646,438.4229864712696,382.43944629868486,334.4800605525871,327.44001296195376,311.3691703470714,309.5238840914929,300.94078755814553,300.1267666930664,308.0656649736711,337.98807624239686,388.0703600220711,423.46154702616195,414.6561787112669,368.11775377743623,319.3765829748054,276.78451420375075
1364,246.35051876679083,238.50883804592647,232.0336637175619,232.26026631854447,240.4444116030218,256.30434726384783,342.4197804386487,383.4088099577118,403.2415601424362,377.050654518588,347.1963395413889,328.18411347263117,308.83802380251234,309.4130205566455,304.3475190893086,305.3175883739939,315.86827324063574,345.333732314661,370.5980353288827,423.682772134318,394.86975726075144,345.50184633335545,298.05066566424426,258.795285254302
1365,227.4919290740031,222.96616002410173,215.94555555034466,216.26568771780995,226.79430134837634,246.74886227446916,335.57403138408097,385.0257915898621,414.6637348358466,380.66334663915575,343.0377000227164,309.7194393670166,290.70179538165985,288.7838042525673,277.361123475548,276.9225997674234,290.00817492674685,325.94457007979537,369.3330690994378,403.4001153075361,385.34380654756103,348.3912700097943,302.1567806221722,266.10814357131176
1366,231.10659321087184,216.1386862039644,207.14902368054487,201.8822323780875,203.21991976500865,201.12945839964829,220.01553787141984,229.802903207757,241.58974545249026,252.14221877540078,230.0634999287779,225.51878537661133,218.1773188205828,207.554338441796,208.4219059223825,216.49380367888872,233.00210218692757,257.75609222751365,269.21434164201213,258.63948258911245,231.43003384320423,183.61300644753135,183.3191826181071,175.11509717915243
1367,202.06755229665492,194.9157102388167,179.60044541653195,169.04814774560376,161.5728046567495,172.32206402291925,163.01206558878937,153.21912280855219,187.99004997912917,199.89657349008866,191.76182059194184,194.96944988757238,205.0407283847972,205.01316195571005,205.84886792403773,209.6758320002033,230.8482963819359,252.30214658380916,289.4913324250885,323.91690555127184,317.62965566247846,300.67494104292274,268.3454908477933,244.66510176902426
1368,194.55184705230607,180.01316879471497,179.00842216927214,183.9282235058181,195.01347114695804,225.72727281873205,304.2169931117922,355.00789800686596,350.56037040249555,329.8144749741997,306.73858920970713,284.81501599063796,279.56350767855565,278.33266077766405,263.65345272566583,257.6542277035764,269.9771083907195,286.39306855988536,301.9352011142518,329.63544760786544,313.93201513156345,294.5222728009332,264.87784301843504,229.86297116061354
1369,221.0729499153827,225.31094951549346,222.50668124306918,223.86141220636952,226.75205853735355,248.12509121013537,326.6567610987415,402.8776293932534,427.2022082854868,368.68007033904377,342.3250293159066,324.5453896422067,311.1730368114446,306.71431523729433,304.31976857078166,310.3024401749446,322.5729691579617,334.36261903195117,372.8146477433891,404.39699463653943,392.217254741462,356.58464050005665,306.4312663766292,272.10634505229393
1370,249.84756442082028,244.39411093750658,237.09780944429335,238.44975028616616,242.6669866951629,254.52351413229903,337.2998335966297,386.61584381689573,406.32535942203526,373.83717689111796,343.34356883504955,322.6327647230027,305.64765977333934,302.27115797170217,290.9189687291272,281.94541693643123,289.1775833550148,305.11030113526357,324.67168349403045,348.46145560428323,347.0867099306755,316.33868095675973,295.1044814009804,253.74247190374672
1371,233.5315824114202,226.6842099037064,217.30789695406867,216.5939596628867,222.27546667846144,238.0304417384564,316.5333931233656,347.0445221509987,356.12532895368423,349.0936870604768,336.1978501990239,324.82934279634526,310.8882735626962,291.3759041847609,291.1972017414043,300.2727976231893,297.87997507053365,322.9322372123145,360.10115045503284,401.52725140160925,393.1074076011012,350.5332018846303,322.79838682393387,282.64192659259373
1372,250.34254597885587,245.94409217822025,239.92265920113482,239.1647961676293,246.76813422028573,262.8075407003738,336.27780161526607,399.7025739875759,434.7406476584529,390.2773375395769,353.1060122700998,327.31539369919346,302.02056447796355,287.40848393274064,271.9176197323273,268.6743499180306,282.650232923034,328.9768556315088,362.2128117496828,371.91338554628135,346.13297085409096,300.79632018567077,276.8966672019301,240.56972896739723
1373,245.03881278491028,235.9854339222902,223.40824718251875,219.48163229467042,222.33964054467967,215.7309227244505,214.20755427348772,218.82477901036475,259.75560224611297,277.1504648165364,265.03550313568616,266.53966944141985,259.85227433005076,255.31462159924843,246.06235808530147,247.6072723453248,272.589349826834,293.8885958008726,330.6007059614406,363.89444751959354,336.0937009312085,304.54577764566574,278.1188058986455,246.9761400706401
1374,248.77101193678965,240.3112945984781,232.80125455528483,230.20047125292038,233.9113059803588,232.5945626275011,244.33170546149145,259.18171500808165,274.6784272561347,284.6511280077803,265.63391274550753,264.4906165466168,263.1731979117311,262.5305330488166,259.83424006671726,263.8576093303182,275.2297321328402,302.65274609635645,332.05567357213613,359.92625471898344,347.45843844794547,318.4331416548775,299.5567727386793,268.0473836464927
1375,253.50677898437212,243.9593739298503,238.6024709642076,240.30226518352862,248.30151480862017,269.12750953115483,336.29784937776014,408.70822002454605,412.8290175609184,348.52511136323557,336.59740667408994,332.79518722327197,323.78593155995634,320.77665101442085,319.53792438448926,322.9227724660336,326.1228428628139,350.7225773125605,408.20424258832065,447.4788549616788,396.68673326226894,351.8471886606845,311.5669797615228,263.25643148627955
1376,261.36130476071554,261.1132636520527,252.11098547748702,248.38686858395116,250.43680752919164,260.15832759173685,346.0034970811849,396.2830939624368,406.39714603667056,380.1774238475935,345.56718885912215,329.9343596865889,317.5155605555028,324.31561738627056,314.18552470500464,302.66781150599894,320.9493713746762,349.77945297635705,392.1237718722201,399.79882425176464,375.07096565093707,331.6948618312944,293.54577749520126,243.51895483732028
1377,242.6064764600382,239.8146224536412,230.07542590002896,231.04762163313265,236.7742135435996,246.80757153439419,335.95569934723255,384.8368211724924,393.5934192775839,376.8254626975427,333.8723462724621,321.2589716300901,299.24325137554644,290.63249482480893,284.1565445353178,280.0062665005201,290.49566109510124,322.29636974927786,361.3001534139022,370.0467953921309,355.8297518706614,316.85944676200114,284.4658767355643,238.73158015261535
1378,245.29896792264634,237.82115345947483,226.16534165212377,224.62554871178813,229.97216263134686,239.58541177493095,310.6313156515536,349.0372583144733,368.99527716547914,352.9559636329468,331.5024161795119,323.0410797315966,309.21700702605636,296.27810030490525,285.640150296367,287.9767164611044,302.31218066477595,331.0464705670995,346.6337636473118,361.3634550130166,339.6212817797017,293.2023970399986,263.70636838629997,233.45825956336
1379,235.88252687950143,236.51393912641151,227.06287421898554,225.197914877866,231.60892309423076,240.63130158617437,335.59016826700287,372.5809944877144,398.9201825561982,405.17962612106527,369.7965509447318,339.3863940469309,318.83362285010367,287.6214226465993,263.2620055300006,273.65811274660166,274.57853912496665,308.3971200762907,352.6608873621383,345.4756185579019,308.4231281770594,270.02931652940885,222.98668176083618,219.49363536046457
1380,204.37162829934164,193.38452593981333,185.18000561980404,184.06385487418953,195.35400066310166,210.57104950305902,206.2636277080029,194.00760785819918,210.20898945487548,240.18151927078225,219.37719555313697,216.5154962205301,231.75519106654315,238.91718884112584,231.05840982089552,236.17070164701033,251.3239489288801,248.59166605115698,287.35914787315755,290.0302275660264,274.59612246323513,249.94658150179995,257.76270729194954,246.423423260302
1381,204.97618938235308,187.0540365181227,170.85306760417353,165.0765267829226,163.10351768539334,176.88816501282136,241.95128459534044,258.3527978877163,272.6325530289808,266.72897044763926,258.52387105633863,251.50168643697162,250.4953231262735,253.47302892706057,244.22016233729147,239.4410181190011,258.04614037016535,269.71345035707094,321.6785553174779,348.963618793684,323.2751635947744,296.25570393094114,264.33645378958886,231.41853298875998
1382,29.361974134664962,21.91810181381956,52.683558538868226,37.89776349111125,5.1519574153684005,178.79737531688855,279.8413411604693,341.1794973468488,351.1002843871064,337.1583813426066,313.72121037753936,303.68229814848024,306.50131482424365,314.7723382117909,324.27758956169356,315.3742064378831,335.36889558382103,354.2766477384508,415.9129929389056,458.4744372768224,419.42176045690024,337.4294851797195,271.3381212908081,215.65194794921086
1383,227.58571255136638,222.13690016501457,212.75949198133003,207.3158413020822,210.81481706325178,231.59246942204982,303.69699650435643,345.39459080602614,373.07490203073047,360.3131918876403,320.0025540770472,317.7186066474646,308.06577204446046,307.03388891338295,301.10250189166123,303.1419868397571,349.3579189769052,389.77376076490293,456.3326303236073,480.40203860386646,457.12756753721095,386.00295873997305,310.26111557720014,255.54623648724328
1384,253.5994500330809,244.8732312450393,239.20714626647717,240.85357170268418,241.67693476854203,253.2942041594856,336.37569756976495,411.600799241761,450.5520492764996,424.4394624403608,381.0623715764792,359.934747312627,335.1735825276661,326.4872131893345,313.2593100888705,311.99856970166945,315.09888842417024,356.1843145375793,421.0038410925721,440.2908877552281,404.6132706926828,349.42211368740925,297.33662462405965,257.51569231435326
1385,239.39291479083207,231.95926213211388,224.15813329046722,224.11550380452778,231.20234516967557,243.0239073571675,308.46722224832814,358.67595746586943,381.0473330464158,375.3823459914656,359.5764204038469,351.13635042564886,344.0296492208702,327.34886841590287,298.59351909460247,299.4526788475451,301.8972904862131,352.24569868259607,417.58764235250567,443.0662919426991,396.54981508504613,354.2115239956308,314.3950397748619,272.92229809215513
1386,256.14366699476284,249.4371563060941,242.72921612639405,241.04571965587812,250.77705110256645,259.5168344511783,317.67135828399563,377.5732589258943,383.6778558034494,350.03851379991664,320.1235540254076,308.9148842837526,293.7593736566276,279.5240450402387,273.8473545470251,274.3036947232431,287.8073395676537,318.10317168671446,340.3506094169585,333.05690939575277,301.93187848049115,253.16366315258938,229.20496713607037,210.67246666638346
1387,229.09248632403637,226.23339945758843,213.7059833365623,209.40027765282608,210.59069560859535,204.7205494947916,191.18050517346728,230.28131649251418,250.0550729883525,265.6865524846348,265.2789840853901,240.7168694817966,237.3309785683321,231.83443147299045,239.2642596845901,246.1708879825074,251.22093249867584,271.18745873290794,307.68426273694683,320.6767617271095,284.640595478983,255.5219833582108,229.2119216654219,224.90270657600746
1388,228.08475360686893,215.0957951743295,207.15893295481533,202.17336865866983,204.9222952430405,217.58873362574053,227.56434103385962,252.82120321947332,270.097507671775,270.35375252855823,265.6536883197037,270.83915852820047,265.46689072195653,262.1229942538505,260.62082698999075,261.5911398687382,275.083231385096,296.94485076305847,342.7054780449352,380.01338490374064,360.35366606423315,322.6683549961706,293.9080113590669,256.8036479858969
1389,252.31269838720837,236.37812425267927,230.26134301016702,229.26772808764986,235.6692754680373,248.44906050731842,311.682678746981,375.56320375174386,387.6083839056223,357.75990295874794,349.0648068217932,342.3502603951355,332.8792481132827,323.43858952670587,313.32511378078505,316.1076321549659,335.7186814950127,372.0951175161415,449.59272929694333,473.1451274069002,407.78242237515184,351.2945734491913,298.01547701239696,256.4758804186071
1390,256.16609868043844,250.58146094857574,244.9797708613799,240.96180057354596,243.4754046853746,250.66351874410256,324.1434880700126,400.83946786081873,415.91271046829996,393.4489080674385,347.82255267852366,330.34408343325464,308.4680425090885,308.2101231957991,307.7978540281301,310.29091407964205,330.7780294766106,369.4776838806186,412.7972644169887,431.15743046355817,397.00418743422324,356.4410745253799,313.8802048750348,272.1803012071132
1391,263.8539689056645,251.06335198117637,244.97615070816892,247.23162017927515,250.92714151320922,267.53910974656173,365.36015869805965,448.55485967816406,491.9736219944624,468.2963367178945,435.59980358219923,421.73567623836857,382.34467859174765,359.073737737562,358.75525640755,360.5085881573385,354.8881957906719,402.19611789801206,461.4597212191443,455.83581392562553,398.00788720951584,345.19451857650716,310.2930487274167,265.5175766219436
1392,241.46014349959972,230.535828850283,223.09338379155759,222.88565414790654,232.7230437192435,250.66620889060255,308.73132707488236,357.1895110822323,379.3355675023754,370.74652245679846,356.42413075720924,349.50157052954324,325.09799185312966,313.5303480869695,318.76061409881225,328.7852616980619,350.8078911157685,378.5458103718987,410.6652555438665,426.91435074686655,377.2344674545838,336.5226621762193,300.31404745615373,262.84610711680074
1393,231.99071309797225,224.3269867579803,213.19126756631397,210.95978472037444,222.84294213394438,240.9075869091677,298.6322845374467,361.66643767222075,396.68633083540976,377.0340490424992,360.3309450131651,307.3848171435113,290.0823101832655,275.1895609490441,268.30255267455914,268.5496794180427,273.8507340000945,295.6722223756198,329.01774955771504,337.81171514845505,299.55204079361454,262.29349337184556,243.76554037896722,229.71651617595282
1394,192.34112324897745,178.7965791346102,166.85243814494677,160.70415634385444,180.20717841019183,170.91680951161658,171.08450873165577,177.20847213108652,195.14601134458428,218.69044121517067,225.55280392916933,216.7412962928515,212.56877972871217,218.45120621317852,211.96058421563757,212.81100807356032,230.32755366046229,245.9872153452897,262.3130344260569,249.00750921946448,164.5806356276749,118.18750540814688,148.1484846577448,157.87978631657617
1395,151.9688443690807,131.25139217769538,129.93521874792515,114.21272871040712,106.49217774708647,94.49644541143829,115.35707583164844,139.37265252313355,189.71867131785743,207.1517307646625,218.75680685501806,226.81755681950435,233.47882328690375,232.4723573271482,230.04735878867118,223.5620750570467,242.14562928103825,255.3220223025764,262.09398052010283,251.21887505606827,217.9180521489622,192.1744176067234,210.6227398932779,195.5033602606469
1396,179.9222531397901,126.82395661802926,133.83396256311798,133.32063844114572,137.807403140553,189.56775839434877,298.3298634940766,373.1834669728525,393.3423507241483,375.04862695271885,355.20000818226396,342.4383107192527,324.1307021691188,317.85771027321886,318.5283538940324,323.1284477937123,355.094539093376,386.3739615142787,394.1545898193633,416.25951533466167,380.35632351958265,340.72186116296024,297.72308743059335,252.8330540502941
1397,258.9380388503629,254.30575101074496,243.34942968351504,241.62180163925962,236.81406726483425,280.9462399191575,365.71086189929395,431.5301278315058,462.30406958206277,419.9698539977115,389.1156079327774,370.45146125262903,343.6901640623614,352.8952862219827,373.840948203478,369.7544579882267,407.4324571990327,461.52379324943615,468.78937125964796,470.67484293324344,427.55732971871936,380.7932491939257,322.5693721439204,273.8457771589049
1398,277.37682248521213,271.38429024384266,269.4798636583176,269.88891814929974,282.23157623815626,300.5146136169829,381.91806205740625,464.0368136886873,514.2399149028647,473.839071981839,439.809803228218,425.08919017747553,372.02811499473404,365.22821840704614,374.39847166112264,391.2264733673131,409.51290973858795,451.95027814166247,475.41296203919046,465.519304029176,415.2443882720433,356.6525035039517,323.50682335461795,284.6270550812402
1399,265.4349029863442,254.95578762147406,250.00012972981503,248.58115166291168,259.36687627385106,279.0428566402343,346.6776741148054,395.4702429068283,420.1472358414577,402.73317115316695,382.8328936461958,367.70920320978007,349.26890497472124,329.43963095081483,334.5735152343337,351.212960626124,368.75389403641424,416.7358325571637,445.9608684573963,457.44447446934913,408.5502972636373,354.98380305378566,326.9218391203966,285.20020690339925
1400,265.34299085183227,258.2250626327931,256.29669369926205,255.58911178770333,269.35189127916783,290.9201633628948,346.31348468071724,392.4948896927002,407.1713114959193,361.3477859371278,325.26527013708585,298.9794394447688,282.5516855830691,282.15065971358644,286.7715805710784,292.4463747968858,305.62206341329596,345.65616295657543,356.939766601747,343.23383162209154,313.0540118988931,287.7434676927679,283.5151037920866,262.42188035069734
1401,237.30018396753158,222.6902641999438,216.38620240425084,215.60939809532434,224.6426688887788,242.90733345124198,234.1929546591411,231.7451452990161,252.3083942396736,260.6862853097418,264.8446571821555,259.22106030563435,261.94044605139834,249.49799991076748,249.24720268450776,261.2351731724604,291.3981579064268,299.4394352447678,309.8833473758635,296.714123396667,251.21774023435762,229.70920999165645,253.23487639797605,245.5019099492773
1402,232.09169139982185,216.27906141696482,213.56863550984664,210.24825892023654,214.45588592900353,218.98719973604858,235.93606220814522,239.41611120853636,256.7241305596441,265.2279646616528,271.9020981262812,275.682172817537,275.7763129163832,271.286498340236,274.04329875379926,277.9407237363538,299.49270258091786,318.32526694756353,337.45882036756643,354.01465618784414,328.58545665904455,299.7996448475267,283.96407294834853,253.43901238924133
1403,247.16467027680142,233.08712507476568,225.30031006717616,222.8572817505684,226.274614310891,250.27745093788067,318.6379927165573,379.67960572920185,371.9196399514944,347.6079836189971,337.3695661819262,329.36270511421077,326.9777164270562,336.8942671605329,351.1711122728318,367.52351614324914,388.7639707707649,383.66223628469265,393.20955048877016,401.68383939182456,358.62605830259486,310.189411585282,289.4405482369281,260.7252107198076
1404,238.80858157960512,235.14510964437105,224.43631382928854,222.23841075828244,230.37245723986024,258.4482536196112,314.9980800967979,368.63442242637836,390.0213547644287,372.237351191019,351.9395700531669,348.8419303095979,333.78733363651264,339.01306238663324,350.14523063164734,360.98891338333857,395.47314733287584,419.84547311792903,421.81156210417157,414.05277059419495,380.9088843354991,328.8078385656321,291.6363763137674,261.97740424692415
1405,265.4066514020962,252.39094684647395,252.24335179981537,252.93768768368906,263.73106473446353,278.27315179935357,360.7798756565381,426.4190529102649,453.81618576264447,418.1927875801633,401.6452290151165,398.01450765894555,380.59194597364154,387.6654070204023,401.6762615262954,399.85791628265724,404.6962909985108,456.3836959193949,480.7588400150157,459.89160263015356,423.51036669350196,378.81169525106503,335.47947946485306,288.12421439713387
1406,280.4503378449942,275.4629315968527,271.3696477561025,268.4156305237738,272.02296910199277,281.6804754679782,355.0784984075575,408.1867997344272,422.7729596370321,392.88769826702827,377.1343142958383,376.2789512974555,360.5381113510063,357.50541283717257,366.92745858325884,381.9932682689434,391.4755012617825,445.96726589430455,448.284178629949,427.79031893015076,384.42599684888285,342.1805750763309,313.76137224395154,276.80451445294574
1407,284.19135196267814,275.9173655154428,266.0451666755873,260.86148053809154,275.6309642414019,295.9802332449169,339.797054446644,387.54239675454915,398.4590905137351,374.6623419182314,362.45013913701337,334.3882382757309,322.2875276494524,318.67347201398536,314.8687162441733,321.01472005755517,352.2179542282479,396.89291880888936,415.8487784156526,412.6356126973557,377.8581778997908,345.3694851391351,325.80820088995057,297.6287536412914
1408,293.2175759194963,277.9781875700372,274.0658726164601,265.15265312673745,274.49796547730796,281.1258329639812,286.2245946335111,310.2954489834016,323.014301222111,329.1296817871447,321.71912805896176,323.21346477774705,315.31001219018754,316.4504911635771,317.7999667875308,324.8644986390898,336.80806462876046,365.53120302066054,365.36359558358663,359.39164107998585,330.01898443983157,305.9759471116864,297.7265907130665,277.8599694165486
1409,269.31506278364463,255.3001620981286,247.0500966773464,239.82542506172697,246.47523997943,262.26261805551786,277.3291794726067,292.0270160146026,309.4927822734122,316.61892302618065,312.29734012720394,312.757270502959,309.22596760318004,304.4250164753624,310.9087550042103,321.62605668694675,338.2010924214642,375.5227516011647,382.0087919841487,366.8010414179748,330.0980323540166,291.23654114315036,279.04770591969225,256.80334722323784
1410,280.07380574689677,268.88457812725505,258.943505344995,256.90545694732805,270.70244965838054,307.428741571545,345.628220483665,400.0279024208184,387.73585882391876,366.67546823422737,358.6122142557568,350.8858090807609,347.8742197569718,362.28073758289656,357.0867994975518,368.17833942208375,389.52268472791224,398.7774651382911,377.43981008388323,355.7152305411772,317.18180745212203,292.0878774917277,285.88725961033447,256.75707721960566
1411,275.853074472452,281.8040652491936,278.1804983062783,274.8102325732958,288.7902716375373,309.79081820512886,333.55389694408547,366.6270976389975,374.1523112094705,367.2634348243976,357.6837254131947,351.7085039754155,338.8486328490712,343.28220195975894,346.9164058473684,348.7891739711465,357.13221097600467,382.71371211081413,367.6942435235589,336.64543663447057,316.4625688329205,308.0340201991521,302.4904765420794,288.9318131634335
1412,275.60615887826043,270.50263025948124,267.58258633304985,265.77626390403213,277.5623060908684,305.2276195548352,350.3784021563814,402.50436377956333,419.10719145167326,381.7211319782021,361.1676491661263,351.93389245840785,337.45287150922934,334.5842139962259,333.96455194582165,337.87731219109867,357.6366668358911,395.79978125396906,385.1842546553845,368.91838200078814,349.02542281544413,329.0943624311559,310.72647239687694,290.01064306717905
1413,277.5391402216361,267.21579732214,261.95248445459373,259.82931511851785,273.27553714917053,307.596622531696,338.29132879292655,380.9010348459443,408.5673614007718,380.43752065909644,366.2473489553796,366.02199320478724,356.91506240148783,364.99429315068716,368.58917895259714,371.4121414935914,391.6706791850106,413.2854804695668,379.03344204139637,373.5196604471053,340.1875474130117,315.7618591181063,298.20393357556065,271.8494337943557
1414,252.2868766873848,245.90851610685016,234.30778942506785,231.49261027781176,245.8499127465103,262.584882510477,308.8363024464482,350.75866141205154,360.1540598880352,348.497008578058,335.11427390782046,314.79823263346975,302.7923869148574,306.1408320742048,307.74303114091015,302.67066038029253,318.6319844451734,347.07007941843307,325.64851440262163,293.93262911703044,258.4335911921926,249.23570299162878,248.47299613234816,249.0048753189914
1415,266.5702064550736,251.79737709571833,242.17809878856886,237.72184943510226,244.42524253588698,258.62191091530525,257.58263312162256,246.41283431891208,261.64824228367434,285.146038628249,291.8564118243713,298.07030922663154,302.43377643505477,301.86195048835157,297.10575182718475,295.42555114795584,299.3370473813859,301.7327906536788,267.7230029590385,192.91560859879263,154.07446166040333,187.9667118420555,236.1495826132956,241.8650876463362
1416,250.06647022604693,242.43155363100783,228.9255990415941,222.35867754367197,229.75601042345804,241.59079950808888,239.98723173580004,234.45421211604946,268.23977350856063,293.7181219597478,300.27941083575644,305.97908424236863,306.01401057527227,306.20887595808784,315.3158357134022,326.45034952036883,340.6877317968665,349.946607591548,340.43433699926004,315.5047069265397,277.7800843315784,263.9251668766961,265.82663329120976,260.7919953975412
1417,231.9697782681895,223.83692809822716,215.92305481967094,215.20091670288684,228.79571841866593,259.44439947065285,301.7636161141114,361.0589310285866,376.17762277003305,360.783520009706,354.8835494401651,359.33919318422977,350.6346799442876,363.0412328836398,360.7350985237363,370.1837498891076,394.03102445343296,398.7861529958349,373.5293666768258,361.5662699112078,324.24639171741137,296.2337117074349,276.1532781613024,254.6220968767113
1418,248.71945693614987,242.89557701214937,237.82061220444632,235.38721218827519,243.11037353996696,287.96217141635356,312.3422255334911,346.56841815799845,346.9806229874603,338.3957174898774,330.2645924357949,328.4939630382079,323.793319782817,335.0330367538134,328.4923698957341,320.3133778023116,341.09580504143764,367.6837292976231,341.3695677394923,327.09763265203327,315.7916905398339,309.18000251989633,291.30371498798695,268.1844501901276
1419,281.447844604369,274.66718982204145,274.60332032820537,274.641655924361,283.3531528282,320.15858743008187,365.6505594709357,418.58479100765487,437.5098954920784,394.0392772107694,378.96282093666525,379.8429382488952,366.76207638805,380.4302867580247,382.72262311192173,396.9284170021516,450.91114013747256,476.39904174603635,441.8832088594759,433.6928360487348,390.1920490302567,355.56537239583736,327.506258048606,300.34610545445946
1420,279.06620973291507,270.59187318198843,265.6935428626318,265.2253192450423,275.2275828856028,292.63181664102797,351.5902973549637,399.5637859394123,423.2048008090198,400.8241262690617,390.05429871216586,390.13729966372154,380.89618673646925,373.00748131021976,370.8196099385768,369.10740496466775,385.21609034368237,413.0687247395082,393.0821512943503,387.3256982178947,348.9725618388506,321.75733241811173,303.0667118281139,279.21684786626747
1421,269.698359244386,260.79758186135575,254.54915053722232,252.6517081866763,266.85605046873394,287.73346938632943,345.2188968756401,396.20061540976735,415.65509776411454,402.7099433307907,394.4797330705356,376.1910904597703,356.8355578535443,362.88674494812653,361.952172172649,360.38178986897196,377.6694687052646,411.438506446337,397.4873383841461,389.9236166449381,353.13856857720464,320.2676484398341,294.2288059982956,275.4892762170713
1422,259.7251487296446,243.8420910913171,234.14824095046808,228.69727644527975,235.15545213882965,247.08106123915218,240.6927609244305,230.144378121419,248.30195315172398,282.294323253767,284.85683236344477,288.9698948054962,287.85916320153234,288.62734261521837,291.2334836010288,295.7193460847845,305.40660325599424,314.73932240548703,282.67496918040763,234.59880200150832,194.7884798703787,213.9909297284015,235.912983527362,238.06787237756862
1423,239.77576730916172,234.03562177898453,223.7967176219584,219.6386009174633,223.60740068351166,227.87434471747767,209.4405218275516,182.30630680679278,193.82161369411367,233.27436824409284,256.5756066445079,267.2730871813652,272.8399942950969,273.3675848277604,273.21625806188837,278.73932521550495,288.58003830295644,299.6559569274934,277.39654612454285,246.78481895853764,250.13684098137873,269.3044940151292,275.5363422178704,263.70206078737095
1424,251.0287682721992,232.14817585381562,230.03879159763247,231.69897337826012,241.93465576600286,261.80018395546387,315.2912399002506,370.07927310008944,383.0431380913944,366.96662484020294,364.3874000233519,368.7984941339398,366.40551455456307,390.8428475013356,384.2034749821158,382.03372186605543,404.3266550516795,410.40579164739836,409.73716484771677,420.15776060764387,385.32004229698,362.6612987597272,334.4914291335234,292.8730015987968
1425,291.66100193321574,294.29782801864906,287.34697140023684,286.5982954077761,281.51805174567704,291.9275166200735,384.56613223980446,422.2772237968523,431.7744088912291,411.7239949413363,397.7684501172085,403.4318584196988,413.49523327001293,433.9078934151402,435.24837163877265,439.38332404441303,474.49468932918603,497.96170997036336,457.70781011603606,435.8466193406475,392.02629844600875,357.20198300912375,328.69741986088235,303.2707798070804
1426,284.57770604660914,274.21435716149625,270.5630996947694,269.8897555507612,282.18017009971294,302.7535431665919,355.87914193108884,406.5318166464829,441.3194119653524,435.6009187982311,423.04921973511404,417.66333393504993,402.489141649679,397.17320545723487,388.82485433065926,389.12737911591074,384.3322794305908,404.7848381444519,395.713147336613,365.0293672482751,335.468453628089,313.86826968555835,301.1608832103291,284.4004862318063
1427,261.60012236345005,250.6753296264181,240.1012606588934,239.02032176198253,250.5661815924987,269.09744653663796,298.33357764604875,326.42859552222916,336.5205415072575,333.97943022249336,329.0739063598085,324.4812870586283,320.57044548730715,312.85964983377465,310.6167061524075,316.4082821309349,328.4387438100424,352.45468054286476,343.52997599715155,332.86373772309696,301.61202650463014,295.0236150712175,285.4482654760418,260.4107780590927
1428,207.98063832532264,201.37485173275468,186.1953861445774,184.68264339139486,193.50150962236847,245.59819272789153,284.0450726809701,311.3758706154968,330.44119101423735,315.6163199265303,310.25510941307914,296.3610155024906,293.2737164678002,290.2312442456727,291.2381702218903,288.2132420565327,300.6083912823443,316.33444512144075,313.6681060344276,314.9683940750337,310.48396461890695,284.07712228535627,263.5908982693451,252.6577362521916
1429,254.32913509800503,236.62337212350408,234.05599544490735,229.36472462666535,236.36844185462084,257.26981506028744,267.58758526092834,267.3545606181841,273.34035565704215,275.5043585159441,276.1201186205726,281.6101488963222,283.4339815114176,286.5955856876579,288.47938720380085,298.38465791938575,301.34596805640894,341.27586585263805,357.24599850211,361.97937427252344,330.2703567413808,308.390115442323,285.96973478246326,259.00717437017545
1430,263.23318127203817,259.25622105571347,252.8441014821803,250.58145704273403,255.67342749236602,252.16194029675094,274.2917592056762,282.50447808073324,300.2890129868606,317.67486460728327,321.0790383468751,322.5516931071593,313.7902280278552,310.7162594513817,317.93146039417667,332.57401285891086,345.6554702795931,369.7702355476106,364.47661092140385,354.39892939383674,332.81529600058667,306.63742834220034,294.62248333348293,277.6803917662847
1431,275.1714634625065,260.7059330045527,254.11986880482738,255.2087125810132,263.6595724765055,287.24811602156245,328.2019141682398,380.3802633836458,390.7150972479017,384.93492810776655,391.3407498685888,404.57036920342426,394.2560815775959,400.2036760404813,389.9843484003312,412.27967172674835,441.69001903403966,456.7909518801738,453.33339643205557,445.0112781261416,403.4141606116452,366.2699190015874,338.4028945961367,310.80438502819084
1432,302.6692450920049,300.70462467692727,298.26368173639,298.247160757628,311.11939918909667,330.8783871571065,380.8252284269361,417.56749678116125,436.56708376525796,427.36065629619395,385.0677524784014,368.4416513483516,347.85636885650894,345.89248761802736,377.7156535208649,378.7668896632057,378.70644192691094,398.3512758204099,374.4802869492696,341.5954766224606,319.6311800732811,303.1547164164374,286.9472800274434,270.39607829420584
1433,260.89355522788645,260.27156307189705,254.2944816624657,252.69655383623203,263.28794190537945,285.1909994475153,338.7558026100296,408.75884714366737,444.3385790643652,420.09016763180273,379.0435591481605,375.3158225653948,358.5053189471925,359.8112714600962,362.2271846336305,373.14635581768147,374.9544528490731,393.6398775994075,393.5051967112265,392.7978031648997,341.29043764938905,309.44435193172967,288.0538404244861,267.13762077040104
1434,260.0254531874952,254.28906443380112,249.44394137085393,249.79997258761702,260.06965122342245,281.0957737797151,314.4503604689319,360.90836997822424,364.0966612497975,345.7904776691882,324.05572018887244,319.0686103154635,314.50749855781237,320.8514918358259,326.0695761191352,332.18332403784126,344.7136561905048,367.5347577800085,335.11703518884366,311.1222169075823,261.04432983951125,268.1385261709812,257.6740943680738,240.02452244333185
1435,183.4402674780888,190.5878859690015,183.56309639067717,184.7270949290738,209.42931227115906,235.25901433855128,281.58830475876425,326.5186878163605,351.08528164552376,330.1868886610268,298.9117159528044,285.388656985469,281.16150327381035,281.6853575925302,280.6038549289337,290.4766682223935,299.807663433808,325.26255758485496,327.844803198147,297.9088134794873,248.5024897519499,234.10060167556333,214.232244184452,220.0891527998113
1436,160.88483706843363,141.77098340697307,129.79588128027058,130.20029054265785,154.49503830486668,178.7224004559227,189.22654884939897,166.64036545092574,202.2706911079683,234.94218879690578,246.72154193683548,253.35994890460785,262.21264715101927,262.1364407218397,260.9325557813404,264.43720133037846,287.2365189454923,289.82790596085493,279.77123265619616,261.46297183067725,243.05852076801307,233.69463429636227,234.32224223375803,219.45614833300976
1437,206.14587614202728,176.55734886973457,170.93199234848097,164.34623317337937,164.0945321665365,167.79102895275952,211.9750400054913,191.59470479280245,206.28345661339984,238.23669676281838,261.01793037027164,273.1703776332483,273.3809153689499,274.1122362208477,275.52899836436603,277.4014420767008,285.80884899888554,296.6896174751766,291.63171674779426,261.0989002741687,221.4335376749992,233.79894174276433,220.8128316354023,214.3921463433511
1438,117.57524351089037,70.17840946175664,31.3381293408616,43.494458020887464,75.30429764936986,163.62992748334307,256.7330901415706,314.4085006299395,325.57997885609865,290.4949809163296,267.5615249784122,261.9711373811155,250.0581828888647,237.11215376050887,239.23602330610385,261.3901024858032,333.17034053401244,344.7293320520673,350.64686163597895,349.2360591604921,295.93696314948295,254.20002635824133,207.5994045745462,181.19295394250196
1439,131.94782637846367,120.19131606266617,127.98081169143936,129.11974677113872,151.01990341446856,174.38466703888076,294.635203663632,345.9123367600677,389.9018275700904,370.35583193225835,358.70296071902715,358.3599958908955,341.3338478354598,328.95699916437314,338.9494491180768,322.0802357159257,345.32656248797304,357.6183620955265,357.8709682926671,333.3329240061379,284.19833238661954,249.02503785722203,190.46232597356004,156.23195000556476
1440,178.6620590644951,179.2542661867196,170.86806773988206,172.31631502830749,178.5057412282912,201.72516086650484,288.94134509525816,352.3427547133648,376.6131328276978,361.4529830164877,342.5502387740463,341.4873158281934,338.01935240689716,351.32896185987926,361.40959439637004,374.2561367961386,372.2246493404159,408.79090816035074,414.2142610609777,414.906823684501,361.33111097321074,311.6698140812774,278.9901081246081,248.87694605177595
1441,242.2579714141512,228.18571221443938,234.55067494556724,236.80788803350012,240.455783694446,270.90708466147566,313.7751746547743,369.46020908275136,383.02926856713185,359.10889685843006,334.43397921923736,335.6945574053817,338.9990642058164,331.9533702483205,319.15144168258075,320.5309729092926,344.30891276409733,382.0903572552847,366.16985783190836,371.7082591596046,331.79338586309126,304.9438554167839,268.3349222623942,234.04137212498074
1442,238.6459968981677,234.66683938904663,220.9813231041486,220.00175137530618,231.77253905099764,239.24836981865653,295.9841382294655,325.5316986006513,335.07562285771223,326.19042524278854,321.35976055907133,305.57848563177015,300.3973741265017,298.12192502557406,295.8243781564515,302.32820825082837,309.0284382018412,339.6831474508659,338.23676459359405,330.4532470295499,297.692100033764,292.3902876047736,281.6575154164857,262.4680011245147
1443,247.4815616868648,238.62284441129626,227.50430376973665,225.47447394747059,228.10080616747072,234.0888012056179,258.71853606817257,269.1800458315494,271.17193367493127,274.8818403643144,265.4793009638565,262.95106465690515,273.46661556038424,266.69517473682555,257.29612468663436,260.1052589765944,287.05206130810734,301.75192130498664,272.18626887646667,223.43256254256073,177.78745416380684,194.31092493546777,193.3549052151311,193.7082852076728
1444,96.36139315627449,81.29184982946623,-14.498969925993777,-41.95429459285219,38.204362808965726,91.25071341745749,145.835849455665,128.02861698849912,123.07692442613663,125.75872069869214,174.56588624115807,203.30231216654127,238.67895199249847,238.39864569323498,225.7004803110148,227.02109318907716,263.85637921871825,265.72688016732644,238.58933447132335,210.48958357338216,164.97426887439636,127.651866449643,131.2215939152621,116.00778859970524
1445,201.57227236117737,196.80302086016707,197.98168107288828,194.38000174934956,206.53130977675093,228.82698068383442,288.63676391753,345.58338753913347,345.95962064419575,329.92250596261886,318.3790822124475,312.42011695803455,302.61811003219896,306.688769699708,307.72698189915786,320.82153707182033,333.6196799685968,359.49162666657446,372.76520883641416,381.9598298344196,356.5943293865943,326.30112294322953,297.4039100867939,255.96063557785476
1446,260.2633886056624,257.87790030583744,251.7892719347646,251.18293282963126,251.9889150257797,275.9029648323995,338.08412051656785,393.7912748312423,392.3113293519965,365.3123905471947,342.18684016995905,334.4737007252858,322.92737693937204,323.8311370566104,333.2678119492571,353.53688380493196,359.95471935270643,381.13839161923175,355.6943911264994,328.9501720208488,305.3862239902016,293.6952444544614,276.53135670933597,251.4689303768143
1447,243.55974060293727,247.50648040082217,236.16238089731874,230.65149448756955,238.71643000830147,262.45521518969997,286.2621955499507,343.7531049286319,349.09060736652054,320.31910621264103,309.74837553435395,312.0898006066479,304.62822086010794,309.3799508511064,319.1979589861601,352.10426253025025,350.9745114563745,377.2566197631958,396.3615726735216,391.1398207163039,361.0187438313443,336.12918062439354,313.11453879307436,297.68669768158423
1448,245.87369133719324,233.3385856359835,235.93861116679838,235.62102047937088,239.8663153052842,253.68920360631674,286.67474243325944,314.756732788225,333.1000975769184,307.8880184377185,299.98050406720694,294.1337476775219,293.4246059155699,289.10095078958267,310.36885925511444,316.2803075903277,331.74674812338054,350.821122838846,322.9747767682853,311.8292831944671,291.38075621089286,276.351458952609,261.18173544645015,237.18474879974093
1449,216.78172927804883,208.55884990934658,201.30516819258392,200.39244017885738,217.49055368371944,237.50739771771967,291.51871273009687,328.2749501594354,350.10834562911157,310.15094107393105,303.61500516318023,288.74456767395884,274.0025557478079,269.75892211090644,275.95448602252924,283.1084969643778,293.4311944577629,315.7245142087019,314.802839400798,296.4592753375553,290.0571499679626,280.39288397419085,269.1861844092684,253.08221102356546
1450,234.53711542216564,222.13881947768456,223.3428882598238,220.14709776298446,224.84690189981688,236.54242667226094,249.2224920137159,238.8586032566531,239.67467386247935,239.5428334736366,254.71187988627543,268.7781686946427,277.29402979536763,277.20891023133765,279.94592480159076,286.2274132462357,292.9535238353924,304.9317381457042,312.63325553118494,313.3911294165896,294.78430158263336,268.1578697188713,269.8464787662126,249.74800414964352
1451,236.36231992554784,225.0563816410026,216.9248079443151,220.3051891209575,225.42501775569247,231.09451674116093,223.89641858297207,215.21184735150348,223.2735052481135,230.94477480524156,243.66895646952486,257.2747293367447,264.9701759146806,268.5167045300529,273.2008835660882,277.9830758107978,294.0599871792823,304.6231578024662,294.803284976211,295.3688744527805,280.3324340944933,271.39735748623605,270.4706358403353,260.61617342883824
1452,246.94701759147102,235.43256362168466,231.05037103520846,235.71727597809218,241.81423082436473,254.949134460501,311.7106071050013,377.96348797018345,381.59849290150055,354.83237809026696,341.2605695083296,335.51918057189215,318.69115177360214,320.79941229210965,324.9458759121268,340.06544080167566,346.3241919872242,359.62450037326516,347.1203061451366,345.5718572485323,322.8701851887631,311.42570853010363,295.32121934390875,272.11592746921303
1453,229.9428490806597,217.50379822360378,215.62044345481553,212.41738183595146,212.6102788625597,216.44369976327508,214.99185832373206,189.49010919900874,222.85115514133935,232.54532859950405,255.5448394992316,272.9450689670449,281.3157400111078,284.55674634120885,295.5129781977651,308.27557154032723,318.11856998295684,335.99335954440807,330.37511594846615,344.05269040267854,328.1292426791555,309.6610443936494,292.2044968363405,277.6029423556505
1454,242.39495048376745,233.77949375037124,220.23417316677808,224.58875681697523,226.78313407796043,232.49852419631512,252.03180157463652,270.60752248346046,288.44106417519095,288.6762957600689,290.51960260892747,290.9230484965042,287.3128599909196,282.98115472696793,285.3398054981849,288.54274201976193,303.71826500968916,314.00775729505915,318.7791333705666,322.6599127026869,289.62341789439984,269.48433574923047,257.9225656076803,243.86083384144155
1455,226.07867588007767,214.22080830262647,210.21184618166396,200.59024419819232,187.76821831898704,192.15387775765905,232.56126367064886,235.32289536186477,263.45618211300314,269.1417960844034,277.41864044907686,288.2915420435764,288.10465542383605,285.780447492396,287.29682568285057,294.17509476073695,301.3972745825382,311.72728138422883,317.9028263001925,329.8592940368018,314.488365254008,299.0229099506323,287.6016659617734,275.69436413737276
1456,252.01610577019463,246.5819996271164,243.08155341535073,243.08362904413514,252.05237886880448,265.6803103472225,293.99172075321275,322.0011180260957,327.21003346810556,310.4677634947908,307.05955135107683,298.05214022285577,288.0664214559515,284.48208257750747,290.8400489629767,298.06799031872663,308.2065819586393,343.46644628440595,350.98660101602405,353.44241382199425,333.52967779135497,315.89701924911924,300.06030912597305,282.6400518862677
1457,253.79645682512438,245.0241443179219,241.9048750623325,241.72885906773453,244.74625456573318,253.5993406185046,263.3732936585622,274.4410894252793,282.3462212229936,287.8902509648842,291.25308964048236,298.4675643526903,297.04990886297196,299.4064721610261,310.9629305854561,327.7364098270736,337.59049432927986,358.2616767345504,346.04476301691375,340.99054833985065,310.3835824563583,283.35290931775495,276.89216698774857,261.2316815594029
1458,223.93544187891754,213.25968380592383,210.65615350717002,208.535692893851,210.9672598591556,218.4757552107971,213.66480745874355,200.70011456429847,214.60883089498645,230.64815435286042,245.6995454402341,260.7421667112192,264.3530790018492,263.09518323485855,265.83967217545944,269.86036351119856,283.2359067661552,286.7913487422491,260.80654845069563,226.27297706714995,215.8334749630315,221.4389917139693,225.4055030599464,228.2285902262691
1459,176.92190191323334,159.49632092092241,155.36786488561836,158.0617199353784,171.79795297589146,207.82779668873442,254.7607509247428,299.0331715338756,300.14263381796815,291.9485942842796,288.17953089293485,287.431861430585,284.41431794771444,282.4497185470031,279.14908072512713,289.14282203510885,303.1072219395563,318.70348853915334,316.3020405789156,310.41886223110754,284.20400204907526,271.61829697512985,246.98386313059243,218.3293825236923
1460,179.25438354245745,175.95685912777958,178.73528351913842,174.19017204371215,183.00229351212033,206.2260580094097,230.33611633847792,267.3288959836565,261.3379244562536,258.19707651635173,246.96323873433414,251.92127457956656,261.67148772973565,259.6835093975892,267.76716708048974,284.49169361251904,303.15324188458646,341.66289479638755,354.0571809711084,359.16655935270296,332.61612342485074,305.7731835104769,276.11159735883336,246.22686953552574
